116.905220 126.839340
130.415131 120.402893
144.105927 120.565857
157.316574 126.975670
171.302628 127.496399
184.744308 128.540756
190.473419 128.278183
210.412506 120.270729
223.605484 122.962273
116.907715 127.158081
130.266983 133.153122
143.700211 127.367073
157.307968 127.342087
171.305984 127.811180
184.758270 128.954742
190.492661 128.272171
210.829697 127.798386
224.490417 135.420105
116.191872 146.084229
129.950974 146.450195
143.481842 146.506149
157.453568 146.246216
170.595657 140.779190
184.634293 147.165787
197.996964 147.095566
211.429611 141.329697
224.829453 148.024490
115.494041 159.254044
129.534897 159.341888
143.280167 159.606674
157.467133 160.114990
170.951935 160.758850
184.732513 160.828339
198.420929 160.972626
211.787903 161.259995
225.339096 161.334854
115.209435 172.411835
129.305939 172.577972
143.343475 172.482452
157.303696 172.641998
170.833420 166.940247
184.817398 173.210297
198.594284 174.021103
212.356750 174.255356
225.614624 174.490402
114.598625 186.031433
128.941177 186.221161
143.119064 186.439713
157.357788 186.479950
171.187378 186.713852
185.111862 187.086395
198.755753 187.152161
212.553711 186.982361
226.428909 187.446884
