139.375687 127.605064
139.530930 127.520584
151.863586 127.393394
165.441055 127.559067
189.838699 129.865021
190.036545 129.685287
211.131638 123.049385
223.867538 122.895096
237.906738 130.183960
139.368042 127.658829
139.537842 127.668907
151.897049 127.502228
165.485718 127.657608
177.300720 129.145569
195.888672 135.497498
209.487595 135.907013
223.331833 136.581345
237.899078 130.348633
127.560722 138.616745
138.271851 139.402756
148.859024 139.925537
164.090897 140.197266
174.658981 141.506912
194.746231 148.260376
208.492493 148.929855
222.176987 149.562515
236.139877 150.514420
134.047363 158.519379
140.783966 158.533310
160.001633 160.282043
159.440231 166.503204
178.958923 161.212952
193.112350 162.269821
206.760315 162.782745
220.729828 163.514557
234.799500 164.368530
125.029320 171.490204
146.272583 172.411575
146.532394 172.413345
159.402786 166.518158
177.507172 174.504608
191.487503 175.144928
205.622437 176.280060
219.514191 176.924088
233.871109 177.779694
130.192535 184.259827
130.345490 184.218964
144.254120 186.917465
162.161377 186.566360
176.339172 188.072449
190.166183 188.779388
203.708115 189.871658
218.178986 190.534409
232.823624 191.676529
