280.505127 323.913391
315.588715 324.475372
350.665649 325.360962
385.736298 326.219482
419.043579 326.573914
452.312378 327.500824
483.543579 329.321686
515.166321 329.841034
544.774841 329.493103
282.725433 359.413055
319.581024 359.586121
355.414703 360.159546
390.362305 360.447876
423.440552 360.892090
456.350281 361.541016
488.519745 362.236176
519.384033 361.406250
551.329346 361.650909
286.917786 395.908875
324.118866 395.982147
358.608673 395.888947
394.039062 395.341461
427.729004 395.255432
460.685303 395.196960
493.170258 395.114777
524.584106 394.772644
555.295837 394.294373
290.460968 432.875214
326.567749 432.283508
363.364807 431.291046
398.842072 431.686676
432.894928 431.036682
465.556488 430.807526
497.523376 430.502319
529.206604 428.849121
560.762085 428.212921
293.849396 469.297821
331.463898 468.219727
367.538788 467.572174
403.077545 465.366425
437.191498 465.309143
470.654327 464.684662
502.796387 463.609955
534.374268 463.022675
566.388489 462.150116
298.211456 506.910034
335.256378 505.694611
372.544983 503.819519
407.656372 502.565002
442.741638 500.853119
475.324493 500.237701
508.262543 498.521423
539.459595 497.845490
570.508667 495.700745
