300.841919 150.434998
346.854828 151.197113
393.605377 152.105942
439.452240 153.438385
485.088348 154.945923
530.750183 157.890457
574.954102 160.083817
619.778687 161.733856
664.308594 163.371857
300.307800 186.660995
346.858093 187.949432
393.301819 188.744202
440.431213 190.822937
486.182098 192.821014
531.690613 195.454926
576.658203 196.174286
622.535706 198.226120
666.996887 199.504578
299.727661 225.364700
347.265930 227.583084
393.168091 227.803238
441.617401 228.189301
487.030457 231.481522
532.802551 233.112320
579.006104 233.898682
624.796936 236.331772
669.559204 238.003967
298.464508 264.747314
346.170319 265.905640
393.345520 266.813934
441.212158 269.068207
487.979736 270.887848
533.944458 272.484009
581.376160 274.817688
626.917175 275.766510
672.734924 277.254639
296.535583 304.179718
346.583099 304.817902
393.920715 306.538025
442.555878 307.593597
488.990784 308.872803
535.565002 309.952759
583.339539 313.503296
629.150391 315.979767
674.670288 317.247498
296.388702 344.290558
346.476318 345.607025
394.484833 346.381714
442.798553 347.289703
489.833740 349.062561
537.834167 351.277954
584.000854 353.673401
630.437988 355.308868
679.284180 356.792664
