357.167145 167.613480
400.507507 162.855743
442.843964 159.328720
486.393250 155.542679
530.483765 152.696289
575.677917 148.330597
621.847961 144.250443
667.272522 140.294769
717.255493 135.816696
351.660431 203.372070
394.451691 199.278992
437.911926 196.476700
482.106598 193.145126
526.270935 189.341080
571.756348 186.456711
617.510437 183.265808
665.260132 178.659225
713.642334 174.326782
345.211670 239.937729
390.184662 237.673370
432.374084 233.826202
477.188721 230.829681
521.764221 227.864777
568.102234 224.690964
615.785645 222.726669
663.286926 218.578781
712.026794 216.424774
339.148499 279.031952
383.070496 276.403503
425.863647 272.882812
471.560394 271.083679
517.615234 267.546356
564.093384 265.674652
610.678650 263.181427
659.689758 260.872620
708.482910 257.674255
332.271790 317.999146
377.795135 315.696228
421.775574 312.064758
467.600800 308.493927
512.810120 307.524750
559.995667 305.405426
607.076660 304.148163
655.773071 301.468658
705.670898 298.829102
325.962189 357.523254
369.394562 354.783875
414.981232 353.083191
460.758118 349.897491
508.679260 347.745117
555.690613 346.150360
602.873291 344.318390
652.320984 343.470612
702.937073 342.010406
