258.001923 127.484962
303.320007 134.713577
348.347992 142.414856
392.309753 149.472656
434.284576 156.095291
475.894135 163.397598
514.964111 171.767380
554.864990 178.882751
591.440979 183.916534
262.236542 166.639221
309.487671 174.185333
354.637268 180.604141
398.853363 187.896729
440.287292 194.885071
481.461548 202.001099
521.770996 208.719513
560.425720 213.526840
600.350830 219.459625
267.388641 207.916168
316.149445 214.077057
359.676270 220.646667
403.585663 226.393951
446.951935 232.586548
487.924713 239.040482
528.389465 245.729141
568.192017 251.475464
607.021912 256.083862
273.323456 248.824707
319.791107 254.403961
365.972168 260.302185
411.168488 267.117371
454.387451 272.989471
495.150818 279.240997
535.403870 285.154968
575.332764 289.628204
614.782227 295.418427
278.479431 290.050049
326.255554 295.064484
372.864838 300.758057
417.815308 305.026306
460.722076 311.406006
502.698425 317.550262
542.378662 323.136292
583.221252 328.999969
622.793213 334.008209
284.381714 331.941620
332.435760 337.011444
380.192963 341.678619
423.842407 346.628418
468.548737 351.390442
509.282104 357.637665
550.801575 362.925964
589.870056 368.097809
628.753967 372.096893
