1554914937.918926074 188 56 1
1554914937.920341074 138 220 1
1554914937.926200074 2 227 1
1554914937.928782074 253 189 1
1554914937.929057074 343 191 1
1554914937.929564074 272 179 1
1554914937.938819074 138 220 1
1554914937.939931074 280 0 1
1554914937.941549074 275 121 1
1554914937.947907074 258 201 1
1554914937.949038074 280 127 1
1554914937.950841074 151 227 1
1554914937.952485074 170 254 1
1554914937.955438074 42 153 1
1554914937.956885074 144 255 1
1554914937.958066074 138 220 1
1554914937.959353074 112 203 1
1554914937.960336074 171 233 1
1554914937.962089074 184 235 1
1554914937.966943074 147 254 1
1554914937.970130074 36 125 1
1554914937.970482074 175 240 1
1554914937.974793074 173 232 1
1554914937.976083074 138 220 1
1554914937.979741074 153 229 1
1554914937.983149074 31 125 1
1554914937.992570074 138 220 1
1554914937.994807074 82 215 1
1554914937.997817074 60 10 1
1554914938.011709074 144 215 1
1554914938.012155074 138 220 1
1554914938.014984074 79 3 1
1554914938.022208074 343 163 1
1554914938.024170074 307 18 1
1554914938.029640074 138 220 1
1554914938.035923074 97 226 1
1554914938.045621074 261 170 1
1554914938.047263074 138 220 1
1554914938.060282074 173 253 1
1554914938.063759074 109 49 1
1554914938.064827074 74 9 1
1554914938.066072074 138 220 1
1554914938.067258074 168 253 1
1554914938.068018074 50 212 1
1554914938.075439074 248 160 1
1554914938.077821074 127 191 1
1554914938.082650074 138 220 1
1554914938.088991074 53 219 1
1554914938.095893074 273 185 1
1554914938.096884074 79 29 1
1554914938.100484074 139 223 1
1554914938.101835074 138 220 1
1554914938.102347074 52 20 1
1554914938.107646074 35 127 1
1554914938.120034074 138 220 1
1554914938.138398074 138 220 1
1554914938.142297074 50 95 1
1554914938.143010074 72 7 1
1554914938.149071074 143 235 1
1554914938.157227074 138 220 1
1554914938.157756074 29 111 1
1554914938.160563074 55 21 1
1554914938.164580074 25 106 1
1554914938.164603074 46 170 1
1554914938.167456074 30 111 1
1554914938.175780074 138 220 1
1554914938.179233074 274 103 1
1554914938.181481074 192 68 1
1554914938.192178074 138 220 1
1554914938.198111074 343 170 1
1554914938.207907074 73 230 1
1554914938.208965074 40 133 1
1554914938.209393074 138 220 1
1554914938.210710074 80 29 1
1554914938.212816074 23 127 1
1554914938.214490074 75 232 1
1554914938.214864074 80 227 1
1554914938.221018074 274 22 1
1554914938.223740074 23 121 1
1554914938.226271074 87 218 1
1554914938.245992074 138 220 1
1554914938.257529074 4 236 1
1554914938.260686074 120 211 1
1554914938.263798074 138 220 1
1554914938.278365074 280 0 1
1554914938.287486074 40 108 1
1554914938.290141074 27 123 1
1554914938.296928074 30 120 1
1554914938.302434074 138 220 1
1554914938.304475074 23 103 1
1554914938.304719074 43 108 1
1554914938.311369074 63 3 1
1554914938.320019074 138 220 1
1554914938.323954074 20 209 1
1554914938.332525074 31 144 1
1554914938.337847074 138 220 1
1554914938.346791074 263 199 1
1554914938.347276074 175 247 1
1554914938.348393074 328 119 1
1554914938.352572074 189 75 1
1554914938.353785074 35 114 1
1554914938.355751074 138 220 1
1554914938.358980074 85 26 1
1554914938.360252074 189 76 1
1554914938.360351074 133 207 1
1554914938.364666074 248 175 1
1554914938.366684074 80 32 1
1554914938.370301074 342 202 1
1554914938.371329074 246 175 1
1554914938.373492074 138 220 1
1554914938.375153074 82 32 1
1554914938.379964074 177 247 1
1554914938.382545074 20 207 1
1554914938.385214074 86 34 1
1554914938.388560074 247 171 1
1554914938.392212074 138 220 1
1554914938.395461074 278 209 1
1554914938.399520074 270 187 1
1554914938.402890074 67 35 1
1554914938.406843074 193 78 1
1554914938.406955074 222 159 1
1554914938.409508074 138 220 1
1554914938.409585074 260 181 1
1554914938.411146074 277 200 1
1554914938.412001074 334 207 1
1554914938.414100074 66 36 1
1554914938.415236074 112 49 1
1554914938.423863074 168 257 1
1554914938.426923074 45 195 1
1554914938.427458074 138 220 1
1554914938.433099074 231 205 1
1554914938.434880074 338 159 1
1554914938.435393074 168 259 1
1554914938.439107074 42 176 1
1554914938.441302074 38 127 1
1554914938.445697074 138 220 1
1554914938.446054074 13 213 1
1554914938.455131074 136 231 1
1554914938.457077074 239 193 1
1554914938.463963074 138 220 1
1554914938.467791074 71 16 1
1554914938.470362074 57 215 1
1554914938.477709074 141 219 1
1554914938.480655074 68 9 1
1554914938.483371074 138 220 1
1554914938.485526074 58 83 1
1554914938.489571074 55 28 1
1554914938.495292074 44 111 1
1554914938.498596074 138 220 1
1554914938.507861074 334 88 1
1554914938.513730074 170 217 1
1554914938.514731074 167 255 1
1554914938.517516074 192 84 1
1554914938.517833074 169 257 1
1554914938.518025074 138 220 1
1554914938.528560074 56 87 1
1554914938.537476074 138 220 1
1554914938.550118074 181 25 1
1554914938.551786074 136 219 1
1554914938.554323074 138 220 1
1554914938.555397074 192 86 1
1554914938.561557074 47 105 1
1554914938.561659074 113 219 1
1554914938.562000074 142 253 1
1554914938.563505074 55 215 1
1554914938.565701074 139 251 1
1554914938.565806074 249 15 1
1554914938.568833074 259 176 1
1554914938.571012074 138 220 1
1554914938.571500074 261 199 1
1554914938.573148074 272 199 1
1554914938.574409074 170 9 1
1554914938.576214074 46 108 1
1554914938.577378074 264 215 1
1554914938.577582074 75 39 1
1554914938.579014074 7 207 1
1554914938.580473074 143 217 1
1554914938.589955074 29 151 1
1554914938.590809074 138 220 1
1554914938.591254074 23 153 1
1554914938.596585074 25 60 1
1554914938.596738074 192 88 1
1554914938.601450074 39 201 1
1554914938.601593074 42 201 1
1554914938.609264074 138 220 1
1554914938.612511074 60 215 1
1554914938.622099074 41 167 1
1554914938.623337074 157 109 1
1554914938.626696074 138 220 1
1554914938.626736074 31 39 1
1554914938.628642074 79 31 1
1554914938.640920074 192 90 1
1554914938.645833074 138 220 1
1554914938.646446074 262 184 1
1554914938.649145074 81 44 1
1554914938.652879074 84 229 1
1554914938.656225074 77 27 1
1554914938.657093074 123 48 1
1554914938.657272074 280 0 1
1554914938.662368074 138 220 1
1554914938.663998074 80 31 1
1554914938.673469074 259 211 1
1554914938.681519074 138 220 1
1554914938.684743074 50 218 1
1554914938.685335074 53 219 1
1554914938.685767074 192 92 1
1554914938.692312074 137 218 1
1554914938.701123074 138 220 1
1554914938.706298074 181 25 1
1554914938.713486074 192 94 1
1554914938.713503074 143 222 1
1554914938.718524074 167 33 1
1554914938.719719074 138 220 1
1554914938.723810074 181 25 1
1554914938.726380074 76 31 1
1554914938.727712074 47 109 1
1554914938.731080074 87 231 1
1554914938.731439074 198 89 1
1554914938.734603074 263 185 1
1554914938.735461074 272 187 1
1554914938.737021074 191 94 1
1554914938.738984074 76 27 1
1554914938.739178074 112 221 1
1554914938.739375074 138 220 1
1554914938.753934074 56 217 1
1554914938.755662074 138 220 1
1554914938.759122074 120 48 1
1554914938.763281074 190 96 1
1554914938.767462074 121 45 1
1554914938.771671074 192 96 1
1554914938.775423074 138 220 1
1554914938.778504074 135 236 1
1554914938.792377074 138 220 1
1554914938.792711074 206 40 1
1554914938.802318074 261 213 1
1554914938.803727074 267 191 1
1554914938.804475074 254 219 1
1554914938.806714074 341 77 1
1554914938.809569074 118 69 1
1554914938.811223074 45 205 1
1554914938.819005074 192 98 1
1554914938.819130074 260 21 1
1554914938.821407074 71 205 1
1554914938.821937074 100 52 1
1554914938.824846074 295 249 1
1554914938.829999074 138 220 1
1554914938.830241074 53 219 1
1554914938.835218074 255 25 1
1554914938.836304074 256 213 1
1554914938.840264074 113 60 1
1554914938.841114074 253 209 1
1554914938.846812074 190 100 1
1554914938.846885074 138 220 1
1554914938.848491074 174 90 1
1554914938.850039074 60 202 1
1554914938.857874074 280 0 1
1554914938.858184074 192 100 1
1554914938.863476074 18 45 1
1554914938.865080074 138 220 1
1554914938.869922074 77 23 1
1554914938.876156074 49 109 1
1554914938.877190074 87 235 1
1554914938.879284074 72 8 1
1554914938.882042074 250 63 1
1554914938.882855074 89 231 1
1554914938.884718074 138 220 1
1554914938.888489074 269 199 1
1554914938.891006074 272 215 1
1554914938.894910074 190 102 1
1554914938.895614074 192 102 1
1554914938.896353074 270 195 1
1554914938.901094074 138 220 1
1554914938.901131074 114 52 1
1554914938.901329074 280 0 1
1554914938.906984074 181 25 1
1554914938.909955074 280 0 1
1554914938.912791074 326 221 1
1554914938.914097074 326 217 1
1554914938.915586074 326 223 1
1554914938.918317074 247 13 1
1554914938.919573074 262 227 1
1554914938.921320074 138 220 1
1554914938.926063074 285 0 1
1554914938.927709074 108 38 1
1554914938.937379074 190 104 1
1554914938.937543074 138 220 1
1554914938.940126074 135 243 1
1554914938.942109074 343 215 1
1554914938.945413074 192 104 1
1554914938.945699074 86 231 1
1554914938.946516074 59 215 1
1554914938.946798074 187 103 1
1554914938.949374074 117 44 1
1554914938.956678074 188 104 1
1554914938.957413074 11 203 1
1554914938.958592074 100 237 1
1554914938.959250074 104 233 1
1554914938.959603074 102 58 1
1554914938.959691074 61 213 1
1554914938.963100074 95 235 1
1554914938.964697074 112 233 1
1554914938.966611074 35 111 1
1554914938.966991074 268 215 1
1554914938.967473074 74 60 1
1554914938.969697074 257 45 1
1554914938.971642074 36 120 1
1554914938.974088074 190 106 1
1554914938.975809074 266 201 1
1554914938.977278074 121 53 1
1554914938.977656074 138 220 1
1554914938.980055074 192 106 1
1554914938.985140074 137 223 1
1554914938.988323074 188 106 1
1554914938.992931074 138 220 1
1554914938.993901074 190 106 1
1554914938.995050074 120 58 1
1554914939.003946074 58 56 1
1554914939.006087074 142 214 1
1554914939.006815074 56 55 1
1554914939.007649074 286 215 1
1554914939.011136074 138 220 1
1554914939.012856074 71 43 1
1554914939.019631074 191 107 1
1554914939.021495074 36 113 1
1554914939.023021074 50 212 1
1554914939.027304074 115 44 1
1554914939.028094074 192 108 1
1554914939.031048074 138 220 1
1554914939.038274074 190 107 1
1554914939.038794074 188 108 1
1554914939.043448074 190 108 1
1554914939.048290074 267 63 1
1554914939.048461074 138 220 1
1554914939.052281074 263 25 1
1554914939.052612074 29 97 1
1554914939.055297074 71 15 1
1554914939.060127074 129 217 1
1554914939.062129074 263 29 1
1554914939.062988074 59 37 1
1554914939.065635074 180 106 1
1554914939.070984074 71 224 1
1554914939.071605074 127 217 1
1554914939.072928074 63 229 1
1554914939.072994074 72 215 1
1554914939.075681074 192 110 1
1554914939.077891074 188 110 1
1554914939.078138074 48 167 1
1554914939.081070074 271 210 1
1554914939.085750074 138 220 1
1554914939.090532074 69 223 1
1554914939.103843074 138 220 1
1554914939.118676074 188 112 1
1554914939.120657074 192 112 1
1554914939.121265074 138 220 1
1554914939.121506074 104 67 1
1554914939.127653074 24 201 1
1554914939.134837074 120 75 1
1554914939.136312074 269 203 1
1554914939.137916074 87 1 1
1554914939.139865074 262 229 1
1554914939.149377074 166 108 1
1554914939.154844074 135 215 1
1554914939.158333074 138 220 1
1554914939.159749074 192 114 1
1554914939.160446074 298 7 1
1554914939.161135074 168 108 1
1554914939.161340074 176 110 1
1554914939.161879074 190 114 1
1554914939.163574074 338 211 1
1554914939.165106074 188 114 1
1554914939.171448074 279 139 1
1554914939.175003074 192 116 1
1554914939.177180074 138 220 1
1554914939.182758074 108 68 1
1554914939.187544074 50 237 1
1554914939.191676074 74 221 1
1554914939.195651074 138 220 1
1554914939.200529074 168 110 1
1554914939.203135074 191 116 1
1554914939.208785074 190 116 1
1554914939.208920074 267 95 1
1554914939.209676074 188 116 1
1554914939.213035074 192 116 1
1554914939.214888074 138 220 1
1554914939.219828074 51 37 1
1554914939.221929074 17 119 1
1554914939.223459074 80 229 1
1554914939.225913074 108 70 1
1554914939.230299074 138 220 1
1554914939.231536074 112 66 1
1554914939.235970074 83 225 1
1554914939.239063074 220 152 1
1554914939.239436074 65 219 1
1554914939.239748074 190 117 1
1554914939.240558074 132 241 1
1554914939.244718074 188 118 1
1554914939.245424074 192 118 1
1554914939.249146074 190 118 1
1554914939.249640074 138 220 1
1554914939.251036074 63 226 1
1554914939.257785074 127 223 1
1554914939.261021074 191 118 1
1554914939.264616074 47 31 1
1554914939.267690074 267 57 1
1554914939.268394074 270 219 1
1554914939.269295074 138 220 1
1554914939.272101074 120 72 1
1554914939.272960074 190 119 1
1554914939.273874074 190 120 1
1554914939.281782074 53 219 1
1554914939.284111074 253 51 1
1554914939.284947074 138 220 1
1554914939.287682074 188 120 1
1554914939.288100074 192 120 1
1554914939.288500074 280 0 1
1554914939.295801074 50 221 1
1554914939.303782074 138 220 1
1554914939.304039074 104 74 1
1554914939.306140074 128 248 1
1554914939.317770074 160 111 1
1554914939.320973074 174 118 1
1554914939.321462074 47 192 1
1554914939.322454074 138 220 1
1554914939.322578074 166 116 1
1554914939.323489074 170 116 1
1554914939.327734074 192 122 1
1554914939.327951074 190 122 1
1554914939.328288074 116 74 1
1554914939.331824074 188 122 1
1554914939.333214074 148 253 1
1554914939.335537074 120 76 1
1554914939.340323074 138 220 1
1554914939.341054074 170 118 1
1554914939.341638074 186 107 1
1554914939.345913074 168 118 1
1554914939.351194074 49 113 1
1554914939.352004074 68 221 1
1554914939.353087074 71 20 1
1554914939.358598074 138 220 1
1554914939.359416074 191 111 1
1554914939.362006074 51 113 1
1554914939.362149074 168 117 1
1554914939.364169074 190 123 1
1554914939.367103074 15 203 1
1554914939.370762074 188 124 1
1554914939.370811074 119 252 1
1554914939.372114074 190 124 1
1554914939.375315074 138 220 1
1554914939.376794074 192 124 1
1554914939.378911074 164 118 1
1554914939.383177074 21 215 1
1554914939.384194074 123 55 1
1554914939.387314074 329 207 1
1554914939.391296074 96 76 1
1554914939.394811074 138 220 1
1554914939.395740074 120 241 1
1554914939.400336074 286 231 1
1554914939.401014074 190 125 1
1554914939.402999074 190 126 1
1554914939.405895074 275 223 1
1554914939.411259074 279 21 1
1554914939.411532074 176 122 1
1554914939.412435074 138 220 1
1554914939.412479074 269 55 1
1554914939.413594074 115 87 1
1554914939.414230074 190 126 1
1554914939.416657074 188 126 1
1554914939.417393074 192 126 1
1554914939.423918074 16 122 1
1554914939.424897074 178 124 1
1554914939.430887074 34 199 1
1554914939.432439074 138 220 1
1554914939.440395074 56 219 1
1554914939.440768074 96 236 1
1554914939.444033074 190 128 1
1554914939.444932074 176 124 1
1554914939.444965074 190 127 1
1554914939.448493074 251 69 1
1554914939.448503074 138 220 1
1554914939.451687074 23 199 1
1554914939.454156074 58 83 1
1554914939.454843074 192 128 1
1554914939.456602074 188 128 1
1554914939.457473074 190 128 1
1554914939.457699074 299 47 1
1554914939.460696074 62 227 1
1554914939.461715074 174 124 1
1554914939.463054074 168 122 1
1554914939.467996074 138 220 1
1554914939.472350074 41 125 1
1554914939.481666074 168 124 1
1554914939.483599074 280 0 1
1554914939.485992074 191 128 1
1554914939.486951074 138 220 1
1554914939.489323074 103 85 1
1554914939.489877074 190 129 1
1554914939.494163074 176 126 1
1554914939.496778074 174 126 1
1554914939.497086074 285 0 1
1554914939.499043074 190 130 1
1554914939.501760074 188 130 1
1554914939.504678074 172 126 1
1554914939.504771074 192 130 1
1554914939.506388074 138 220 1
1554914939.507688074 189 129 1
1554914939.517950074 110 80 1
1554914939.520610074 189 130 1
1554914939.522785074 190 131 1
1554914939.523211074 168 126 1
1554914939.523498074 138 220 1
1554914939.533887074 190 132 1
1554914939.534211074 174 128 1
1554914939.539181074 54 223 1
1554914939.540347074 138 220 1
1554914939.540952074 188 132 1
1554914939.545775074 190 132 1
1554914939.548452074 192 132 1
1554914939.548538074 271 192 1
1554914939.550803074 188 131 1
1554914939.550927074 172 128 1
1554914939.560260074 138 220 1
1554914939.560436074 170 128 1
1554914939.561861074 282 219 1
1554914939.562392074 168 128 1
1554914939.563426074 189 132 1
1554914939.564755074 190 133 1
1554914939.571030074 60 231 1
1554914939.573330074 190 134 1
1554914939.574261074 77 232 1
1554914939.576881074 138 220 1
1554914939.577446074 168 128 1
1554914939.577889074 336 215 1
1554914939.579987074 151 43 1
1554914939.580646074 341 228 1
1554914939.580672074 53 219 1
1554914939.581553074 188 134 1
1554914939.582828074 75 232 1
1554914939.583764074 174 130 1
1554914939.584658074 190 134 1
1554914939.585415074 192 134 1
1554914939.587230074 251 210 1
1554914939.592218074 13 119 1
1554914939.594107074 164 128 1
1554914939.595218074 138 220 1
1554914939.597585074 188 134 1
1554914939.600447074 15 226 1
1554914939.601383074 191 134 1
1554914939.603211074 120 79 1
1554914939.606283074 117 85 1
1554914939.609134074 190 135 1
1554914939.610520074 190 136 1
1554914939.610865074 264 39 1
1554914939.611551074 189 134 1
1554914939.615017074 138 220 1
1554914939.617028074 98 88 1
1554914939.617612074 67 228 1
1554914939.621556074 188 136 1
1554914939.621896074 190 136 1
1554914939.627700074 192 136 1
1554914939.630316074 98 90 1
1554914939.631748074 189 135 1
1554914939.633301074 138 220 1
1554914939.635086074 65 229 1
1554914939.636037074 64 233 1
1554914939.638019074 259 77 1
1554914939.642034074 128 84 1
1554914939.642717074 188 136 1
1554914939.647681074 189 136 1
1554914939.651370074 176 134 1
1554914939.652646074 138 220 1
1554914939.654150074 190 138 1
1554914939.657037074 190 137 1
1554914939.658700074 191 136 1
1554914939.664638074 188 137 1
1554914939.667004074 260 13 1
1554914939.668299074 190 138 1
1554914939.670013074 138 220 1
1554914939.671213074 188 138 1
1554914939.672087074 172 133 1
1554914939.674455074 192 138 1
1554914939.680759074 271 92 1
1554914939.684271074 189 138 1
1554914939.684309074 64 74 1
1554914939.688116074 138 220 1
1554914939.688808074 188 138 1
1554914939.693115074 190 139 1
1554914939.694438074 191 138 1
1554914939.700595074 190 140 1
1554914939.701445074 168 134 1
1554914939.701696074 174 136 1
1554914939.703630074 176 136 1
1554914939.705405074 138 220 1
1554914939.707691074 189 139 1
1554914939.709470074 190 140 1
1554914939.711026074 188 140 1
1554914939.715384074 106 229 1
1554914939.716300074 192 140 1
1554914939.721492074 263 89 1
1554914939.722641074 5 91 1
1554914939.722998074 189 140 1
1554914939.724563074 138 220 1
1554914939.725271074 188 140 1
1554914939.730506074 188 139 1
1554914939.732586074 42 211 1
1554914939.738333074 168 136 1
1554914939.738444074 190 142 1
1554914939.741523074 190 141 1
1554914939.741774074 121 85 1
1554914939.743100074 176 138 1
1554914939.744041074 138 220 1
1554914939.744281074 189 141 1
1554914939.744553074 174 138 1
1554914939.747552074 190 142 1
1554914939.749501074 170 136 1
1554914939.749656074 188 142 1
1554914939.750135074 65 236 1
1554914939.752124074 50 87 1
1554914939.755780074 192 142 1
1554914939.756875074 53 219 1
1554914939.758507074 189 142 1
1554914939.761183074 181 247 1
1554914939.762338074 138 220 1
1554914939.765737074 188 142 1
1554914939.766645074 66 231 1
1554914939.770999074 267 87 1
1554914939.772441074 191 142 1
1554914939.772469074 274 229 1
1554914939.776217074 190 143 1
1554914939.780109074 190 144 1
1554914939.780325074 138 220 1
1554914939.781475074 280 0 1
1554914939.784004074 63 233 1
1554914939.788055074 264 77 1
1554914939.789475074 131 255 1
1554914939.791957074 189 143 1
1554914939.792381074 280 0 1
1554914939.792533074 190 144 1
1554914939.794321074 174 140 1
1554914939.797328074 138 220 1
1554914939.798327074 188 144 1
1554914939.800042074 129 249 1
1554914939.801866074 192 144 1
1554914939.803156074 189 144 1
1554914939.808397074 117 92 1
1554914939.811159074 191 144 1
1554914939.812158074 188 144 1
1554914939.813376074 190 144 1
1554914939.814386074 138 220 1
1554914939.816640074 188 143 1
1554914939.817170074 190 145 1
1554914939.818376074 265 85 1
1554914939.824539074 190 146 1
1554914939.824961074 49 33 1
1554914939.830619074 192 144 1
1554914939.832714074 191 145 1
1554914939.833252074 138 220 1
1554914939.836549074 189 145 1
1554914939.837652074 190 146 1
1554914939.838780074 188 146 1
1554914939.840294074 91 185 1
1554914939.842423074 188 145 1
1554914939.845334074 192 146 1
1554914939.848660074 189 146 1
1554914939.848775074 91 185 1
1554914939.848800074 144 221 1
1554914939.850056074 188 146 1
1554914939.850358074 138 220 1
1554914939.850898074 166 140 1
1554914939.851180074 170 140 1
1554914939.856766074 191 146 1
1554914939.862360074 190 147 1
1554914939.866490074 91 185 1
1554914939.868689074 188 147 1
1554914939.869362074 190 148 1
1554914939.869748074 176 144 1
1554914939.873524074 256 98 1
1554914939.876137074 164 140 1
1554914939.879366074 188 148 1
1554914939.880687074 189 147 1
1554914939.881101074 28 199 1
1554914939.883100074 192 148 1
1554914939.884539074 189 148 1
1554914939.887407074 138 220 1
1554914939.892314074 188 148 1
1554914939.893449074 190 149 1
1554914939.894482074 191 148 1
1554914939.895899074 187 147 1
1554914939.898802074 185 134 1
1554914939.903999074 66 104 1
1554914939.904274074 138 220 1
1554914939.904955074 184 129 1
1554914939.906432074 190 150 1
1554914939.909787074 267 95 1
1554914939.910657074 280 0 1
1554914939.912212074 189 149 1
1554914939.913574074 190 149 1
1554914939.914005074 18 147 1
1554914939.915621074 191 149 1
1554914939.917008074 190 150 1
1554914939.918871074 188 150 1
1554914939.922533074 188 149 1
1554914939.923544074 138 220 1
1554914939.924487074 267 93 1
1554914939.925743074 272 89 1
1554914939.927998074 192 150 1
1554914939.930834074 189 150 1
1554914939.933895074 188 150 1
1554914939.936646074 61 229 1
1554914939.939402074 191 150 1
1554914939.940905074 50 79 1
1554914939.947842074 190 151 1
1554914939.950849074 190 152 1
1554914939.951807074 113 91 1
1554914939.951821074 272 231 1
1554914939.954205074 5 99 1
1554914939.954317074 275 231 1
1554914939.958210074 192 150 1
1554914939.959739074 50 59 1
1554914939.959909074 135 245 1
1554914939.959922074 189 151 1
1554914939.962381074 53 219 1
1554914939.962429074 138 220 1
1554914939.963754074 190 152 1
1554914939.964083074 188 151 1
1554914939.965325074 191 151 1
1554914939.966282074 255 79 1
1554914939.967682074 57 89 1
1554914939.969058074 276 225 1
1554914939.969436074 49 222 1
1554914939.969571074 188 152 1
1554914939.970263074 56 77 1
1554914939.972411074 130 243 1
1554914939.974421074 189 152 1
1554914939.975259074 192 152 1
1554914939.976747074 190 152 1
1554914939.979049074 192 151 1
1554914939.979558074 73 240 1
1554914939.979851074 55 77 1
1554914939.979950074 188 152 1
1554914939.980572074 191 152 1
1554914939.980691074 138 220 1
1554914939.981488074 48 220 1
1554914939.982932074 122 89 1
1554914939.986682074 251 230 1
1554914939.986976074 190 153 1
1554914939.992328074 192 152 1
1554914939.994750074 135 81 1
1554914939.995948074 189 153 1
1554914939.996235074 58 83 1
1554914939.996805074 257 83 1
1554914939.997350074 60 63 1
1554914939.998131074 138 220 1
1554914939.998910074 53 77 1
1554914940.002115074 190 154 1
1554914940.009455074 191 153 1
1554914940.012373074 190 154 1
1554914940.013693074 189 154 1
1554914940.014078074 266 85 1
1554914940.016479074 138 220 1
1554914940.016482074 192 154 1
1554914940.020294074 188 154 1
1554914940.022642074 53 227 1
1554914940.023603074 55 231 1
1554914940.024044074 188 153 1
1554914940.027505074 191 154 1
1554914940.027521074 254 64 1
1554914940.027658074 56 104 1
1554914940.028673074 250 215 1
1554914940.029541074 190 155 1
1554914940.031319074 190 154 1
1554914940.032360074 263 85 1
1554914940.034751074 138 220 1
1554914940.037478074 189 155 1
1554914940.039829074 190 156 1
1554914940.047105074 280 0 1
1554914940.048042074 190 155 1
1554914940.049064074 190 156 1
1554914940.049262074 259 78 1
1554914940.049698074 188 155 1
1554914940.051663074 275 63 1
1554914940.054107074 138 220 1
1554914940.057299074 189 156 1
1554914940.059659074 192 156 1
1554914940.060605074 53 104 1
1554914940.062910074 191 155 1
1554914940.064148074 57 107 1
1554914940.064164074 190 156 1
1554914940.066674074 13 123 1
1554914940.067006074 285 0 1
1554914940.068195074 191 156 1
1554914940.070546074 344 205 1
1554914940.071872074 138 220 1
1554914940.074672074 190 157 1
1554914940.077124074 190 158 1
1554914940.080945074 189 157 1
1554914940.082627074 185 143 1
1554914940.089124074 190 158 1
1554914940.090054074 138 220 1
1554914940.090877074 191 157 1
1554914940.093958074 188 158 1
1554914940.094476074 188 157 1
1554914940.096128074 116 97 1
1554914940.096359074 189 158 1
1554914940.097310074 186 156 1
1554914940.098594074 190 157 1
1554914940.105927074 192 158 1
1554914940.106905074 188 158 1
1554914940.110016074 138 220 1
1554914940.110093074 59 77 1
1554914940.113601074 191 158 1
1554914940.115748074 91 245 1
1554914940.115802074 189 158 1
1554914940.116599074 5 201 1
1554914940.116925074 35 207 1
1554914940.118315074 190 160 1
1554914940.123947074 192 158 1
1554914940.125093074 189 159 1
1554914940.125685074 72 95 1
1554914940.127392074 138 220 1
1554914940.128376074 43 31 1
1554914940.129928074 117 103 1
1554914940.132843074 191 159 1
1554914940.133645074 188 159 1
1554914940.134291074 186 158 1
1554914940.135290074 190 159 1
1554914940.136182074 190 160 1
1554914940.136444074 115 87 1
1554914940.136552074 277 233 1
1554914940.139509074 37 184 1
1554914940.140626074 188 160 1
1554914940.142382074 71 91 1
1554914940.143440074 189 160 1
1554914940.144670074 138 220 1
1554914940.145916074 192 160 1
1554914940.149278074 44 167 1
1554914940.150355074 191 160 1
1554914940.151967074 188 160 1
1554914940.156212074 63 85 1
1554914940.158006074 36 198 1
1554914940.158232074 190 161 1
1554914940.159453074 57 109 1
1554914940.162105074 138 220 1
1554914940.162297074 75 249 1
1554914940.162486074 189 161 1
1554914940.163852074 192 160 1
1554914940.166368074 183 145 1
1554914940.166432074 266 87 1
1554914940.167172074 337 233 1
1554914940.167852074 189 160 1
1554914940.168783074 75 254 1
1554914940.169896074 190 162 1
1554914940.172609074 54 111 1
1554914940.175814074 71 101 1
1554914940.176877074 191 161 1
1554914940.178536074 190 162 1
1554914940.179131074 190 161 1
1554914940.179655074 188 162 1
1554914940.180570074 188 161 1
1554914940.180793074 138 220 1
1554914940.182821074 189 162 1
1554914940.184118074 75 253 1
1554914940.184434074 55 93 1
1554914940.185608074 192 162 1
1554914940.190960074 191 162 1
1554914940.193341074 188 162 1
1554914940.197196074 115 247 1
1554914940.198710074 138 220 1
1554914940.199684074 189 162 1
1554914940.200592074 186 149 1
1554914940.202370074 116 255 1
1554914940.204824074 190 163 1
1554914940.207680074 190 164 1
1554914940.208502074 184 147 1
1554914940.213982074 190 162 1
1554914940.214162074 59 103 1
1554914940.215008074 191 163 1
1554914940.216055074 185 149 1
1554914940.217986074 138 220 1
1554914940.219324074 190 164 1
1554914940.220130074 48 116 1
1554914940.222130074 188 163 1
1554914940.223483074 62 81 1
1554914940.223644074 190 163 1
1554914940.224709074 189 164 1
1554914940.227416074 59 93 1
1554914940.228481074 188 164 1
1554914940.235343074 192 164 1
1554914940.237225074 138 220 1
1554914940.239949074 191 164 1
1554914940.242720074 188 164 1
1554914940.243116074 190 165 1
1554914940.245850074 212 149 1
1554914940.245986074 190 166 1
1554914940.247094074 189 164 1
1554914940.248851074 60 103 1
1554914940.255300074 138 220 1
1554914940.257048074 189 165 1
1554914940.260622074 192 164 1
1554914940.261378074 191 165 1
1554914940.263688074 190 165 1
1554914940.265592074 280 0 1
1554914940.266612074 176 162 1
1554914940.266959074 188 165 1
1554914940.267427074 174 162 1
1554914940.268641074 120 118 1
1554914940.270632074 188 166 1
1554914940.272489074 191 166 1
1554914940.273434074 189 166 1
1554914940.274078074 138 220 1
1554914940.275771074 192 166 1
1554914940.278001074 287 227 1
1554914940.280692074 188 166 1
1554914940.286189074 70 105 1
1554914940.287018074 273 236 1
1554914940.287144074 87 243 1
1554914940.288075074 190 167 1
1554914940.292369074 138 220 1
1554914940.292435074 319 223 1
1554914940.293001074 219 151 1
1554914940.294366074 192 166 1
1554914940.294803074 189 167 1
1554914940.295812074 187 154 1
1554914940.296958074 191 166 1
1554914940.298826074 189 166 1
1554914940.300342074 326 229 1
1554914940.301998074 242 115 1
1554914940.302655074 186 166 1
1554914940.303365074 190 168 1
1554914940.304261074 65 111 1
1554914940.306062074 191 167 1
1554914940.309297074 37 183 1
1554914940.310062074 190 167 1
1554914940.312024074 181 153 1
1554914940.312301074 138 220 1
1554914940.312639074 190 166 1
1554914940.313345074 188 168 1
1554914940.313432074 178 153 1
1554914940.314057074 188 167 1
1554914940.314117074 179 160 1
1554914940.314381074 190 168 1
1554914940.317132074 69 107 1
1554914940.317624074 192 168 1
1554914940.324678074 191 168 1
1554914940.325817074 188 168 1
1554914940.327688074 24 175 1
1554914940.329133074 69 111 1
1554914940.329843074 138 220 1
1554914940.331686074 190 169 1
1554914940.334195074 194 155 1
1554914940.337507074 189 169 1
1554914940.337752074 30 199 1
1554914940.338422074 72 111 1
1554914940.339598074 2 197 1
1554914940.340364074 190 170 1
1554914940.341244074 56 118 1
1554914940.344489074 50 120 1
1554914940.346537074 191 169 1
1554914940.347381074 190 169 1
1554914940.348199074 138 220 1
1554914940.351582074 190 170 1
1554914940.355021074 269 48 1
1554914940.356331074 188 170 1
1554914940.357369074 49 123 1
1554914940.357499074 189 170 1
1554914940.357837074 63 113 1
1554914940.359158074 192 170 1
1554914940.364104074 191 170 1
1554914940.365486074 50 122 1
1554914940.367064074 138 220 1
1554914940.367623074 68 245 1
1554914940.368706074 307 21 1
1554914940.368847074 186 168 1
1554914940.370776074 188 170 1
1554914940.371539074 78 224 1
1554914940.375401074 190 171 1
1554914940.377421074 48 123 1
1554914940.380001074 189 170 1
1554914940.382256074 138 220 1
1554914940.382990074 189 171 1
1554914940.387393074 192 170 1
1554914940.391138074 188 171 1
1554914940.391162074 49 119 1
1554914940.398352074 190 170 1
1554914940.399479074 186 170 1
1554914940.400438074 327 200 1
1554914940.403756074 188 172 1
1554914940.405959074 49 63 1
1554914940.408759074 191 172 1
1554914940.409668074 190 173 1
1554914940.409681074 62 97 1
1554914940.410771074 192 172 1
1554914940.413826074 188 172 1
1554914940.415215074 189 172 1
1554914940.415671074 190 174 1
1554914940.417093074 189 173 1
1554914940.417122074 63 107 1
1554914940.417369074 33 197 1
1554914940.421872074 336 233 1
1554914940.422152074 138 220 1
1554914940.423321074 191 173 1
1554914940.424694074 190 173 1
1554914940.426528074 64 98 1
1554914940.426838074 21 47 1
1554914940.427833074 191 172 1
1554914940.431072074 109 230 1
1554914940.431152074 120 259 1
1554914940.431272074 186 172 1
1554914940.436466074 187 172 1
1554914940.441047074 188 173 1
1554914940.443711074 190 172 1
1554914940.444456074 72 97 1
1554914940.446580074 191 174 1
1554914940.448012074 190 175 1
1554914940.449132074 192 174 1
1554914940.451191074 188 174 1
1554914940.451497074 250 231 1
1554914940.452262074 191 173 1
1554914940.452686074 190 172 1
1554914940.453709074 283 237 1
1554914940.456872074 189 174 1
1554914940.458046074 138 220 1
1554914940.459458074 189 175 1
1554914940.459490074 51 121 1
1554914940.459511074 320 219 1
1554914940.461315074 191 175 1
1554914940.462940074 190 172 1
1554914940.464634074 19 119 1
1554914940.464708074 191 174 1
1554914940.464713074 250 79 1
1554914940.465786074 192 174 1
1554914940.466911074 188 174 1
1554914940.467269074 94 243 1
1554914940.468624074 127 99 1
1554914940.470480074 190 175 1
1554914940.470760074 190 176 1
1554914940.475797074 190 174 1
1554914940.476304074 138 220 1
1554914940.476687074 188 175 1
1554914940.478074074 272 237 1
1554914940.478492074 50 126 1
1554914940.480908074 188 176 1
1554914940.481472074 211 19 1
1554914940.481596074 190 176 1
1554914940.482321074 186 174 1
1554914940.483028074 189 176 1
1554914940.483656074 189 175 1
1554914940.486665074 190 174 1
1554914940.491601074 192 176 1
1554914940.492742074 191 176 1
1554914940.494790074 188 176 1
1554914940.495763074 190 174 1
1554914940.497630074 69 117 1
1554914940.498462074 62 81 1
1554914940.499808074 189 176 1
1554914940.501013074 192 175 1
1554914940.501369074 190 177 1
1554914940.505382074 67 115 1
1554914940.506924074 190 178 1
1554914940.510442074 189 177 1
1554914940.513541074 138 220 1
1554914940.515044074 190 177 1
1554914940.515722074 192 176 1
1554914940.517073074 191 177 1
1554914940.517516074 187 163 1
1554914940.521498074 190 178 1
1554914940.523194074 285 0 1
1554914940.526542074 111 115 1
1554914940.527021074 188 177 1
1554914940.528731074 190 176 1
1554914940.530515074 59 79 1
1554914940.531226074 138 220 1
1554914940.533425074 188 178 1
1554914940.533919074 189 177 1
1554914940.536955074 189 178 1
1554914940.540839074 47 213 1
1554914940.541507074 192 178 1
1554914940.542103074 100 239 1
1554914940.542226074 192 177 1
1554914940.544823074 188 178 1
1554914940.545775074 192 165 1
1554914940.548003074 191 178 1
1554914940.551039074 138 220 1
1554914940.551449074 187 165 1
1554914940.553852074 189 178 1
1554914940.555919074 193 166 1
1554914940.555966074 140 240 1
1554914940.556648074 192 178 1
1554914940.560132074 189 179 1
1554914940.562798074 57 101 1
1554914940.565036074 190 179 1
1554914940.566512074 190 178 1
1554914940.568640074 138 220 1
1554914940.568788074 72 241 1
1554914940.568821074 187 166 1
1554914940.569675074 191 179 1
1554914940.570792074 193 167 1
1554914940.571535074 16 199 1
1554914940.573176074 192 167 1
1554914940.573302074 72 247 1
1554914940.573718074 187 167 1
1554914940.574672074 188 179 1
1554914940.575021074 194 167 1
1554914940.575781074 190 180 1
1554914940.576944074 190 167 1
1554914940.577546074 188 167 1
1554914940.578799074 188 180 1
1554914940.579298074 189 180 1
1554914940.579787074 31 194 1
1554914940.580642074 186 167 1
1554914940.581554074 64 103 1
1554914940.581958074 194 166 1
1554914940.582488074 191 167 1
1554914940.582871074 192 168 1
1554914940.583577074 189 179 1
1554914940.584353074 189 167 1
1554914940.584839074 192 180 1
1554914940.586169074 190 168 1
1554914940.586367074 138 220 1
1554914940.586598074 191 180 1
1554914940.586958074 183 167 1
1554914940.590571074 179 167 1
1554914940.590586074 188 180 1
1554914940.591867074 8 129 1
1554914940.592603074 188 168 1
1554914940.592905074 190 181 1
1554914940.593561074 193 168 1
1554914940.594389074 189 168 1
1554914940.594564074 189 180 1
1554914940.596031074 194 168 1
1554914940.596843074 101 119 1
1554914940.598561074 178 167 1
1554914940.598583074 75 111 1
1554914940.602488074 192 180 1
1554914940.602639074 179 168 1
1554914940.604477074 138 220 1
1554914940.606511074 189 181 1
1554914940.607070074 190 182 1
1554914940.608990074 67 121 1
1554914940.610773074 185 168 1
1554914940.610998074 191 181 1
1554914940.611454074 190 181 1
1554914940.612382074 193 169 1
1554914940.614231074 187 168 1
1554914940.616378074 190 182 1
1554914940.617031074 190 180 1
1554914940.617252074 192 169 1
1554914940.618749074 188 181 1
1554914940.621700074 188 182 1
1554914940.622078074 138 220 1
1554914940.624124074 189 169 1
1554914940.625279074 194 169 1
1554914940.627452074 192 182 1
1554914940.630304074 191 169 1
1554914940.631186074 192 181 1
1554914940.631202074 186 169 1
1554914940.631736074 179 169 1
1554914940.631820074 50 140 1
1554914940.632780074 51 39 1
1554914940.633855074 190 169 1
1554914940.634816074 177 167 1
1554914940.634905074 186 180 1
1554914940.637198074 190 182 1
1554914940.638286074 189 182 1
1554914940.638564074 248 218 1
1554914940.639010074 238 131 1
1554914940.639386074 138 220 1
1554914940.640249074 185 169 1
1554914940.642996074 183 169 1
1554914940.643710074 188 182 1
1554914940.644354074 191 182 1
1554914940.646360074 187 169 1
1554914940.648101074 54 121 1
1554914940.648606074 180 169 1
1554914940.649424074 202 168 1
1554914940.657307074 78 243 1
1554914940.658459074 66 127 1
1554914940.658522074 57 120 1
1554914940.658611074 192 182 1
1554914940.659106074 138 220 1
1554914940.659200074 190 183 1
1554914940.662335074 190 184 1
1554914940.666396074 189 183 1
1554914940.671187074 186 182 1
1554914940.673762074 56 125 1
1554914940.674577074 193 171 1
1554914940.675115074 192 170 1
1554914940.675880074 138 220 1
1554914940.675917074 190 183 1
1554914940.675936074 190 184 1
1554914940.676923074 191 183 1
1554914940.677198074 223 76 1
1554914940.681829074 179 170 1
1554914940.682918074 59 125 1
1554914940.683430074 188 184 1
1554914940.684288074 192 171 1
1554914940.687808074 187 171 1
1554914940.688339074 189 184 1
1554914940.690985074 161 33 1
1554914940.691731074 181 171 1
1554914940.692099074 192 184 1
1554914940.692779074 190 184 1
1554914940.693882074 186 171 1
1554914940.694938074 188 184 1
1554914940.695698074 138 220 1
1554914940.696930074 188 171 1
1554914940.699090074 191 184 1
1554914940.706306074 190 185 1
1554914940.708706074 189 184 1
1554914940.709323074 264 235 1
1554914940.712515074 189 185 1
1554914940.713074074 277 81 1
1554914940.713669074 138 220 1
1554914940.715250074 192 184 1
1554914940.715505074 64 93 1
1554914940.720475074 191 185 1
1554914940.721000074 188 185 1
1554914940.726267074 188 186 1
1554914940.727832074 15 147 1
1554914940.731021074 190 186 1
1554914940.731443074 192 186 1
1554914940.731507074 189 186 1
1554914940.731910074 138 220 1
1554914940.737025074 188 186 1
1554914940.743328074 191 186 1
1554914940.743348074 195 184 1
1554914940.743561074 40 222 1
1554914940.745910074 192 186 1
1554914940.746883074 332 231 1
1554914940.749592074 190 187 1
1554914940.750736074 190 186 1
1554914940.752742074 189 186 1
1554914940.755874074 23 101 1
1554914940.756744074 189 187 1
1554914940.758079074 64 129 1
1554914940.758807074 190 188 1
1554914940.759740074 58 235 1
1554914940.762739074 61 129 1
1554914940.765777074 191 187 1
1554914940.766337074 188 187 1
1554914940.768991074 190 187 1
1554914940.769500074 188 188 1
1554914940.769835074 138 220 1
1554914940.770366074 190 188 1
1554914940.776066074 62 81 1
1554914940.778805074 189 188 1
1554914940.779099074 49 132 1
1554914940.779173074 192 188 1
1554914940.779281074 327 234 1
1554914940.782246074 188 188 1
1554914940.784737074 192 187 1
1554914940.785096074 90 255 1
1554914940.785506074 191 188 1
1554914940.788402074 138 220 1
1554914940.789679074 190 188 1
1554914940.795656074 190 189 1
1554914940.803926074 190 190 1
1554914940.804898074 192 188 1
1554914940.807017074 138 220 1
1554914940.808745074 189 189 1
1554914940.809820074 186 188 1
1554914940.811447074 190 189 1
1554914940.812197074 188 189 1
1554914940.813431074 287 95 1
1554914940.814248074 191 189 1
1554914940.815317074 174 174 1
1554914940.816939074 190 190 1
1554914940.823482074 192 190 1
1554914940.824605074 189 190 1
1554914940.826254074 138 220 1
1554914940.826789074 285 0 1
1554914940.828130074 55 135 1
1554914940.829283074 188 190 1
1554914940.830182074 191 190 1
1554914940.833414074 190 190 1
1554914940.835103074 284 232 1
1554914940.837697074 192 190 1
1554914940.839559074 13 96 1
1554914940.840108074 294 142 1
1554914940.841397074 106 116 1
1554914940.842181074 190 191 1
1554914940.843546074 138 220 1
1554914940.843906074 189 191 1
1554914940.848183074 52 128 1
1554914940.849506074 72 135 1
1554914940.851576074 189 190 1
1554914940.852043074 191 191 1
1554914940.854276074 109 119 1
1554914940.857683074 190 192 1
1554914940.860897074 188 191 1
1554914940.862041074 188 192 1
1554914940.862335074 138 220 1
1554914940.866332074 190 192 1
1554914940.866538074 54 131 1
1554914940.866562074 190 191 1
1554914940.867109074 192 192 1
1554914940.870196074 189 192 1
1554914940.874031074 188 192 1
1554914940.874168074 192 191 1
1554914940.877396074 232 142 1
1554914940.879045074 138 220 1
1554914940.883506074 192 192 1
1554914940.884426074 125 26 1
1554914940.886020074 189 193 1
1554914940.892276074 192 194 1
1554914940.893467074 190 194 1
1554914940.895800074 188 194 1
1554914940.898514074 138 220 1
1554914940.898800074 76 135 1
1554914940.902268074 190 195 1
1554914940.904958074 189 194 1
1554914940.905385074 188 194 1
1554914940.906289074 192 194 1
1554914940.908595074 191 194 1
1554914940.910061074 104 115 1
1554914940.910209074 112 115 1
1554914940.912039074 75 139 1
1554914940.912093074 189 195 1
1554914940.916050074 138 220 1
1554914940.916759074 188 195 1
1554914940.917513074 191 195 1
1554914940.921626074 188 196 1
1554914940.926225074 192 196 1
1554914940.926755074 189 196 1
1554914940.927687074 123 24 1
1554914940.930567074 234 146 1
1554914940.931285074 188 196 1
1554914940.933442074 190 196 1
1554914940.933776074 69 135 1
1554914940.934980074 138 220 1
1554914940.938164074 191 196 1
1554914940.938787074 192 196 1
1554914940.941223074 190 197 1
1554914940.942043074 223 130 1
1554914940.943303074 114 121 1
1554914940.943369074 189 196 1
1554914940.944134074 20 163 1
1554914940.950719074 189 197 1
1554914940.952279074 138 220 1
1554914940.952298074 188 196 1
1554914940.953588074 119 143 1
1554914940.959137074 190 198 1
1554914940.960328074 190 197 1
1554914940.963862074 191 197 1
1554914940.964618074 192 198 1
1554914940.964914074 188 198 1
1554914940.965846074 250 39 1
1554914940.965993074 325 237 1
1554914940.966696074 188 197 1
1554914940.968576074 190 198 1
1554914940.968809074 192 197 1
1554914940.970158074 138 220 1
1554914940.970623074 189 198 1
1554914940.974454074 56 231 1
1554914940.976082074 72 249 1
1554914940.976358074 188 198 1
1554914940.976773074 103 137 1
1554914940.977128074 192 198 1
1554914940.979438074 65 86 1
1554914940.979605074 191 198 1
1554914940.983385074 76 235 1
1554914940.983609074 190 198 1
1554914940.986003074 189 198 1
1554914940.987000074 56 148 1
1554914940.987030074 190 199 1
1554914940.990862074 65 85 1
1554914940.994080074 71 140 1
1554914940.995198074 190 200 1
1554914941.000673074 190 199 1
1554914941.002447074 189 199 1
1554914941.002993074 186 199 1
1554914941.003809074 66 137 1
1554914941.004730074 185 191 1
1554914941.004950074 191 199 1
1554914941.005287074 190 200 1
1554914941.007973074 138 220 1
1554914941.008196074 188 200 1
1554914941.008876074 188 199 1
1554914941.009624074 192 200 1
1554914941.010879074 185 187 1
1554914941.016402074 280 0 1
1554914941.017643074 192 199 1
1554914941.018126074 190 200 1
1554914941.020259074 189 200 1
1554914941.020933074 188 200 1
1554914941.025319074 192 200 1
1554914941.027027074 138 220 1
1554914941.031683074 60 246 1
1554914941.032304074 42 131 1
1554914941.034000074 190 201 1
1554914941.034395074 282 241 1
1554914941.036781074 71 137 1
1554914941.037027074 64 239 1
1554914941.037678074 6 131 1
1554914941.040490074 67 137 1
1554914941.040785074 274 241 1
1554914941.044319074 190 202 1
1554914941.045155074 138 220 1
1554914941.046272074 115 241 1
1554914941.046771074 189 201 1
1554914941.047548074 47 133 1
1554914941.050551074 56 83 1
1554914941.051521074 192 201 1
1554914941.052110074 190 201 1
1554914941.052986074 56 152 1
1554914941.053279074 188 201 1
1554914941.053790074 191 201 1
1554914941.058372074 190 202 1
1554914941.058433074 192 202 1
1554914941.062476074 188 202 1
1554914941.062799074 138 220 1
1554914941.066009074 189 202 1
1554914941.069485074 190 202 1
1554914941.069488074 333 229 1
1554914941.069678074 192 202 1
1554914941.069913074 58 83 1
1554914941.071178074 267 232 1
1554914941.071696074 191 202 1
1554914941.072717074 193 202 1
1554914941.075258074 188 202 1
1554914941.078241074 301 80 1
1554914941.079319074 190 203 1
1554914941.080192074 138 220 1
1554914941.085064074 50 140 1
1554914941.087924074 194 202 1
1554914941.089625074 163 189 1
1554914941.091873074 53 140 1
1554914941.092321074 189 203 1
1554914941.092562074 320 240 1
1554914941.093170074 190 204 1
1554914941.095978074 81 143 1
1554914941.096666074 104 5 1
1554914941.097396074 81 141 1
1554914941.097807074 192 204 1
1554914941.098608074 191 203 1
1554914941.098670074 287 110 1
1554914941.099040074 138 220 1
1554914941.099158074 192 203 1
1554914941.099179074 66 141 1
1554914941.099516074 190 203 1
1554914941.100268074 188 204 1
1554914941.101724074 190 204 1
1554914941.105883074 67 141 1
1554914941.109222074 189 204 1
1554914941.109450074 192 204 1
1554914941.110369074 113 139 1
1554914941.111624074 314 203 1
1554914941.112626074 18 161 1
1554914941.112892074 188 204 1
1554914941.113039074 70 141 1
1554914941.117550074 190 204 1
1554914941.117683074 138 220 1
1554914941.118483074 15 191 1
1554914941.119742074 191 204 1
1554914941.120393074 194 204 1
1554914941.124331074 44 133 1
1554914941.125259074 248 47 1
1554914941.130869074 163 172 1
1554914941.131247074 69 143 1
1554914941.131501074 63 79 1
1554914941.133662074 67 139 1
1554914941.137194074 138 220 1
1554914941.141611074 176 208 1
1554914941.143941074 322 189 1
1554914941.144506074 93 257 1
1554914941.149274074 22 189 1
1554914941.155153074 33 204 1
1554914941.157324074 138 220 1
1554914941.159004074 111 136 1
1554914941.165102074 101 135 1
1554914941.166282074 124 143 1
1554914941.167835074 49 139 1
1554914941.174610074 138 220 1
1554914941.182831074 115 149 1
1554914941.188974074 116 151 1
1554914941.192787074 73 139 1
1554914941.192896074 138 220 1
1554914941.201996074 68 137 1
1554914941.209800074 138 220 1
1554914941.212571074 302 117 1
1554914941.215249074 167 192 1
1554914941.226000074 83 255 1
1554914941.227392074 138 220 1
1554914941.243361074 66 145 1
1554914941.244819074 120 165 1
1554914941.245354074 204 206 1
1554914941.247275074 138 220 1
1554914941.247963074 26 191 1
1554914941.249810074 287 129 1
1554914941.251368074 200 206 1
1554914941.256233074 204 206 1
1554914941.257600074 116 136 1
1554914941.258676074 202 206 1
1554914941.258790074 117 139 1
1554914941.259770074 168 204 1
1554914941.260479074 172 204 1
1554914941.260776074 280 0 1
1554914941.264140074 164 204 1
1554914941.264482074 138 220 1
1554914941.265101074 204 205 1
1554914941.265158074 233 119 1
1554914941.267565074 201 206 1
1554914941.268139074 176 206 1
1554914941.270027074 176 205 1
1554914941.270168074 203 206 1
1554914941.273671074 200 206 1
1554914941.274663074 174 206 1
1554914941.276134074 205 206 1
1554914941.276578074 172 206 1
1554914941.279426074 180 206 1
1554914941.280513074 200 207 1
1554914941.280661074 168 206 1
1554914941.280667074 138 220 1
1554914941.280779074 200 208 1
1554914941.281314074 164 206 1
1554914941.282705074 202 208 1
1554914941.283492074 203 205 1
1554914941.284486074 202 207 1
1554914941.284845074 177 206 1
1554914941.285116074 204 207 1
1554914941.285210074 175 206 1
1554914941.285733074 166 205 1
1554914941.286031074 176 206 1
1554914941.287713074 201 207 1
1554914941.288246074 172 206 1
1554914941.289162074 204 208 1
1554914941.289449074 172 205 1
1554914941.290724074 174 204 1
1554914941.291476074 178 207 1
1554914941.291619074 170 205 1
1554914941.292801074 180 206 1
1554914941.292863074 168 206 1
1554914941.292868074 198 208 1
1554914941.293695074 166 206 1
1554914941.294237074 201 205 1
1554914941.294333074 199 207 1
1554914941.294802074 164 206 1
1554914941.295390074 170 206 1
1554914941.296746074 203 207 1
1554914941.298281074 198 207 1
1554914941.299080074 168 205 1
1554914941.299294074 196 208 1
1554914941.299465074 173 206 1
1554914941.300322074 177 207 1
1554914941.300598074 273 59 1
1554914941.301304074 182 206 1
1554914941.301466074 202 208 1
1554914941.301902074 204 208 1
1554914941.302779074 176 207 1
1554914941.302898074 239 123 1
1554914941.302979074 200 208 1
1554914941.303231074 194 208 1
1554914941.304029074 167 206 1
1554914941.304245074 179 206 1
1554914941.304920074 171 206 1
1554914941.305420074 199 208 1
1554914941.306898074 198 208 1
1554914941.307831074 178 208 1
1554914941.308028074 190 208 1
1554914941.310167074 169 206 1
1554914941.310173074 192 208 1
1554914941.311100074 184 208 1
1554914941.311672074 196 208 1
1554914941.311864074 186 208 1
1554914941.312321074 203 208 1
1554914941.313007074 196 207 1
1554914941.313158074 291 159 1
1554914941.313918074 174 207 1
1554914941.314364074 194 208 1
1554914941.314620074 194 207 1
1554914941.316763074 180 208 1
1554914941.317147074 174 208 1
1554914941.317278074 197 208 1
1554914941.317440074 172 207 1
1554914941.317744074 188 208 1
1554914941.318126074 182 208 1
1554914941.318879074 200 208 1
1554914941.318946074 190 208 1
1554914941.319589074 204 208 1
1554914941.319647074 138 220 1
1554914941.321128074 164 208 1
1554914941.321142074 179 207 1
1554914941.321882074 195 208 1
1554914941.322145074 170 208 1
1554914941.322198074 184 208 1
1554914941.322346074 200 209 1
1554914941.322743074 186 208 1
1554914941.322809074 178 208 1
1554914941.323155074 198 208 1
1554914941.323521074 168 208 1
1554914941.323931074 193 208 1
1554914941.324064074 166 208 1
1554914941.324600074 170 207 1
1554914941.325903074 205 208 1
1554914941.325975074 189 208 1
1554914941.326279074 176 208 1
1554914941.327848074 62 81 1
1554914941.328306074 168 207 1
1554914941.328727074 299 138 1
1554914941.328775074 191 208 1
1554914941.329346074 182 207 1
1554914941.329848074 177 208 1
1554914941.329853074 171 190 1
1554914941.330501074 175 207 1
1554914941.331732074 182 208 1
1554914941.332073074 188 207 1
1554914941.332335074 174 208 1
1554914941.333153074 196 209 1
1554914941.333633074 180 207 1
1554914941.333827074 200 210 1
1554914941.333992074 185 208 1
1554914941.334674074 166 207 1
1554914941.335048074 170 208 1
1554914941.335458074 204 209 1
1554914941.335619074 179 208 1
1554914941.336352074 198 209 1
1554914941.336860074 168 208 1
1554914941.336909074 138 220 1
1554914941.337023074 199 209 1
1554914941.337378074 172 208 1
1554914941.337632074 187 208 1
1554914941.338009074 190 207 1
1554914941.338465074 164 208 1
1554914941.339417074 202 210 1
1554914941.339597074 166 208 1
1554914941.340537074 204 210 1
1554914941.341383074 183 208 1
1554914941.342102074 192 207 1
1554914941.343649074 164 207 1
1554914941.344675074 198 210 1
1554914941.344855074 189 207 1
1554914941.345395074 285 0 1
1554914941.345481074 196 210 1
1554914941.346265074 194 209 1
1554914941.346696074 171 208 1
1554914941.347406074 200 210 1
1554914941.347772074 184 209 1
1554914941.349016074 202 210 1
1554914941.349242074 190 209 1
1554914941.349392074 204 210 1
1554914941.349640074 194 210 1
1554914941.352067074 192 210 1
1554914941.354305074 188 210 1
1554914941.355011074 201 210 1
1554914941.355420074 184 210 1
1554914941.355611074 138 220 1
1554914941.355860074 198 210 1
1554914941.356138074 186 210 1
1554914941.357079074 182 209 1
1554914941.358004074 186 209 1
1554914941.360358074 199 210 1
1554914941.360745074 191 209 1
1554914941.361400074 194 210 1
1554914941.361504074 188 209 1
1554914941.362186074 190 210 1
1554914941.362503074 200 210 1
1554914941.363101074 203 210 1
1554914941.366468074 192 210 1
1554914941.366808074 173 197 1
1554914941.368944074 182 210 1
1554914941.369231074 206 210 1
1554914941.369272074 195 210 1
1554914941.369822074 204 210 1
1554914941.369951074 188 210 1
1554914941.370506074 170 199 1
1554914941.371631074 184 210 1
1554914941.371861074 180 209 1
1554914941.373523074 189 209 1
1554914941.374566074 138 220 1
1554914941.379321074 176 209 1
1554914941.383460074 63 95 1
1554914941.384994074 65 255 1
1554914941.386360074 311 131 1
1554914941.406863074 103 249 1
1554914941.411035074 19 161 1
1554914941.411732074 138 220 1
1554914941.412305074 278 253 1
1554914941.415694074 104 249 1
1554914941.418250074 319 197 1
1554914941.423802074 296 170 1
1554914941.423815074 264 172 1
1554914941.429947074 138 220 1
1554914941.430523074 76 149 1
1554914941.433906074 123 169 1
1554914941.434174074 172 199 1
1554914941.437517074 16 192 1
1554914941.442774074 95 149 1
1554914941.443134074 160 48 1
1554914941.448206074 138 220 1
1554914941.452052074 60 151 1
1554914941.452120074 104 252 1
1554914941.463413074 8 137 1
1554914941.467162074 138 220 1
1554914941.474291074 83 143 1
1554914941.478641074 273 5 1
1554914941.480234074 116 159 1
1554914941.482699074 78 145 1
1554914941.484454074 138 220 1
1554914941.485961074 125 145 1
1554914941.487441074 111 157 1
1554914941.495500074 104 155 1
1554914941.503370074 138 220 1
1554914941.508227074 105 151 1
1554914941.511848074 19 192 1
1554914941.512105074 10 137 1
1554914941.515105074 23 185 1
1554914941.515983074 92 157 1
1554914941.516772074 108 143 1
1554914941.520460074 106 143 1
1554914941.520681074 108 149 1
1554914941.521130074 101 249 1
1554914941.521795074 138 220 1
1554914941.522398074 239 169 1
1554914941.531550074 102 159 1
1554914941.539893074 138 220 1
1554914941.540455074 247 233 1
1554914941.543614074 21 187 1
1554914941.557543074 138 220 1
1554914941.561414074 280 0 1
1554914941.569549074 280 0 1
1554914941.571028074 69 165 1
1554914941.574524074 62 156 1
1554914941.575894074 138 220 1
1554914941.577589074 69 149 1
1554914941.582352074 64 161 1
1554914941.585737074 68 257 1
1554914941.591024074 58 247 1
1554914941.591999074 68 151 1
1554914941.594897074 138 220 1
1554914941.608964074 68 170 1
1554914941.613239074 138 220 1
1554914941.617677074 263 238 1
1554914941.630377074 61 143 1
1554914941.631210074 138 220 1
1554914941.635269074 103 151 1
1554914941.641660074 49 39 1
1554914941.648324074 138 220 1
1554914941.654054074 95 165 1
1554914941.654351074 73 169 1
1554914941.665527074 80 159 1
1554914941.665876074 138 220 1
1554914941.668926074 91 159 1
1554914941.673770074 259 243 1
1554914941.674658074 87 139 1
1554914941.680326074 78 161 1
1554914941.683050074 56 242 1
1554914941.688143074 277 249 1
1554914941.689091074 82 147 1
1554914941.690047074 18 186 1
1554914941.690752074 279 253 1
1554914941.693329074 31 189 1
1554914941.698150074 287 145 1
1554914941.699420074 102 253 1
1554914941.700793074 308 23 1
1554914941.704445074 138 220 1
1554914941.714827074 98 252 1
1554914941.721759074 138 220 1
1554914941.734490074 251 233 1
1554914941.738635074 171 179 1
1554914941.740152074 138 220 1
1554914941.752715074 100 171 1
1554914941.752739074 98 163 1
1554914941.757441074 138 220 1
1554914941.759270074 80 168 1
1554914941.765281074 177 203 1
1554914941.772898074 285 0 1
1554914941.774961074 138 220 1
1554914941.778253074 223 252 1
1554914941.786373074 92 169 1
1554914941.794529074 138 220 1
1554914941.798688074 114 165 1
1554914941.804682074 18 185 1
1554914941.811741074 138 220 1
1554914941.818581074 116 163 1
1554914941.818847074 307 113 1
1554914941.825048074 119 152 1
1554914941.826025074 16 180 1
1554914941.830750074 328 230 1
1554914941.831571074 138 220 1
1554914941.849924074 138 220 1
1554914941.852059074 64 155 1
1554914941.857822074 113 125 1
1554914941.863767074 70 151 1
1554914941.867546074 109 162 1
1554914941.868430074 138 220 1
1554914941.871819074 299 157 1
1554914941.877218074 59 89 1
1554914941.880995074 81 137 1
1554914941.887690074 138 220 1
1554914941.887926074 7 23 1
