1547222232.866577414 1.32684082031 -10.6003564453 1.25020019531 0.00106526437101 -0.00958737992429 0.00106526437101
1547222232.874577414 1.19271972656 -10.5859863281 1.24541015625 0.00213052874203 -0.0085221149681 -0.0
1547222232.882578414 1.25020019531 -10.5955664063 1.19271972656 -0.0 -0.0117179077561 -0.00106526437101
1547222232.890578414 1.17355957031 -10.5859863281 1.19750976562 0.00106526437101 -0.00958737992429 0.00106526437101
1547222232.898579414 1.13523925781 -10.5668261719 1.24541015625 -0.0 -0.0117179077561 -0.0
1547222232.906579414 1.19271972656 -10.5237158203 1.25499023438 -0.0 -0.0117179077561 -0.00106526437101
1547222232.914580414 1.16397949219 -10.5907763672 1.26936035156 -0.0 -0.00958737992429 -0.0
1547222232.922580414 1.12565917969 -10.5285058594 1.24062011719 0.00213052874203 -0.0138484366281 -0.00213052874203
1547222232.930580414 1.10170898438 -10.499765625 1.22145996094 -0.00106526437101 -0.0106526443603 -0.00106526437101
1547222232.938581414 1.04901855469 -10.4806054688 1.22145996094 -0.00106526437101 -0.00958737992429 0.00106526437101
1547222232.946581414 1.03943847656 -10.5332958984 1.28852050781 0.00213052874203 -0.0106526443603 -0.00106526437101
1547222232.954582414 0.991538085938 -10.4853955078 1.20229980469 -0.00106526437101 -0.0085221149681 0.00106526437101
1547222232.962582414 0.981958007813 -10.4758154297 1.25978027344 -0.00106526437101 -0.0085221149681 -0.0
1547222232.970583414 0.981958007813 -10.4853955078 1.23104003906 0.00106526437101 -0.0127831721921 -0.00213052874203
1547222232.978583414 0.962797851563 -10.4135449219 1.26936035156 -0.00106526437101 -0.00958737992429 -0.00106526437101
1547222232.986584414 0.8813671875 -10.4422851562 1.20229980469 0.00106526437101 -0.00958737992429 -0.00106526437101
1547222232.994584414 0.929267578125 -10.4806054688 1.24541015625 0.00106526437101 -0.0127831721921 -0.0
1547222233.002585414 0.90052734375 -10.4710253906 1.24062011719 0.00106526437101 -0.00958737992429 0.00319579304802
1547222233.010585414 0.876577148438 -10.3943847656 1.23104003906 0.00213052874203 -0.0106526443603 0.00106526437101
1547222233.018586414 0.871787109375 -10.4135449219 1.17355957031 0.00106526437101 -0.0085221149681 0.00106526437101
1547222233.026586414 0.886157226563 -10.4279150391 1.21187988281 0.00106526437101 -0.0117179077561 -0.0
1547222233.034587414 0.857416992188 -10.3848046875 1.23104003906 0.00213052874203 -0.0085221149681 0.00106526437101
1547222233.042587414 0.775986328125 -10.4183349609 1.19271972656 -0.00106526437101 -0.00745685053207 -0.0
1547222233.050588414 0.843046875 -10.4374951172 1.17834960938 -0.00106526437101 -0.0106526443603 -0.0
1547222233.058588414 0.86220703125 -10.4374951172 1.1879296875 -0.0 -0.00958737992429 -0.00213052874203
1547222233.066588414 0.771196289063 -10.3560644531 1.16876953125 0.00106526437101 -0.00639158609604 0.00106526437101
1547222233.074589414 0.809516601563 -10.3991748047 1.15439941406 -0.0 -0.0117179077561 -0.00106526437101
1547222233.082589414 0.828676757813 -10.4279150391 1.13523925781 0.00106526437101 -0.0117179077561 -0.00213052874203
1547222233.090590414 0.809516601563 -10.3895947266 1.17834960938 0.00106526437101 -0.00958737992429 0.00106526437101
1547222233.098590414 0.799936523437 -10.3656445313 1.12086914062 -0.0 -0.0138484366281 -0.00213052874203
1547222233.106591414 0.828676757813 -10.4039648437 1.20708984375 0.00106526437101 -0.0085221149681 0.00106526437101
1547222233.114591414 0.838256835938 -10.3848046875 1.20229980469 0.00319579304802 -0.0106526443603 -0.0
1547222233.122592414 0.852626953125 -10.3991748047 1.16876953125 -0.0 -0.0106526443603 -0.00106526437101
1547222233.130592414 0.852626953125 -10.4039648437 1.15439941406 -0.0 -0.0085221149681 0.00106526437101
1547222233.138593414 0.852626953125 -10.3512744141 1.21666992188 0.00106526437101 -0.0106526443603 0.00106526437101
1547222233.146593414 0.847836914063 -10.3895947266 1.19271972656 -0.00106526437101 -0.0127831721921 -0.0
1547222233.154594414 0.833466796875 -10.3800146484 1.16876953125 -0.00106526437101 -0.00745685053207 -0.0
1547222233.162594414 0.90052734375 -10.3848046875 1.16397949219 0.00106526437101 -0.00958737992429 -0.00106526437101
1547222233.170595414 0.895737304688 -10.3991748047 1.16876953125 -0.0 -0.0106526443603 -0.0
1547222233.178595414 0.8813671875 -10.4039648437 1.18313964844 0.00106526437101 -0.0117179077561 -0.0
1547222233.186596414 0.924477539063 -10.423125 1.15439941406 0.00106526437101 -0.0106526443603 -0.0
1547222233.194596414 0.924477539063 -10.4566552734 1.13044921875 0.00106526437101 -0.0106526443603 -0.00106526437101
1547222233.202596414 0.924477539063 -10.4758154297 1.09691894531 -0.00106526437101 -0.0138484366281 -0.00213052874203
1547222233.210597414 0.986748046875 -10.4374951172 1.13523925781 -0.0 -0.00958737992429 -0.0
1547222233.218597414 0.967587890625 -10.4279150391 1.15918945312 -0.00106526437101 -0.00958737992429 -0.0
1547222233.226598414 1.04422851562 -10.4279150391 1.21187988281 -0.00106526437101 -0.0117179077561 0.00213052874203
1547222233.234598414 1.05859863281 -10.4518652344 1.1879296875 0.00106526437101 -0.00958737992429 -0.00213052874203
1547222233.242599414 1.06338867188 -10.4901855469 1.20229980469 0.00213052874203 -0.0106526443603 -0.0
1547222233.250599414 1.10170898438 -10.4662353516 1.17355957031 -0.0 -0.0085221149681 -0.0
1547222233.258600414 1.1112890625 -10.5045556641 1.14481933594 -0.0 -0.0117179077561 -0.0
1547222233.266600414 1.11607910156 -10.4614453125 1.19750976562 -0.0 -0.0117179077561 -0.00213052874203
1547222233.274601414 1.14002929688 -10.5045556641 1.17355957031 0.00106526437101 -0.0106526443603 -0.00106526437101
1547222233.282601414 1.16397949219 -10.499765625 1.14481933594 -0.0 -0.0106526443603 -0.0
1547222233.290602414 1.22145996094 -10.4614453125 1.15918945312 0.00213052874203 -0.0106526443603 0.00106526437101
1547222233.298602414 1.21187988281 -10.5045556641 1.22145996094 -0.0 -0.0106526443603 -0.00106526437101
1547222233.306603414 1.31726074219 -10.5332958984 1.17355957031 -0.0 -0.0106526443603 -0.00106526437101
1547222233.314603414 1.31726074219 -10.5572460938 1.17834960938 0.00106526437101 -0.0106526443603 -0.00106526437101
1547222233.322604414 1.29810058594 -10.5141357422 1.24541015625 -0.00106526437101 -0.0106526443603 0.00213052874203
1547222233.330604414 1.36516113281 -10.5428759766 1.18313964844 -0.00106526437101 -0.00958737992429 -0.00106526437101
1547222233.338605414 1.40348144531 -10.5524560547 1.1879296875 -0.0 -0.0127831721921 -0.00213052874203
1547222233.346605414 1.4178515625 -10.5811962891 1.17355957031 0.00106526437101 -0.00958737992429 -0.00106526437101
1547222233.354605414 1.38432128906 -10.5476660156 1.14481933594 0.00106526437101 -0.00958737992429 0.00106526437101
1547222233.362606414 1.46575195313 -10.57640625 1.22145996094 -0.00106526437101 -0.0085221149681 -0.00213052874203
1547222233.370606414 1.48491210938 -10.6338867188 1.21666992188 -0.0 -0.0106526443603 -0.00106526437101
1547222233.378607414 1.50886230469 -10.57640625 1.18313964844 0.00213052874203 -0.0106526443603 0.00106526437101
1547222233.386607414 1.47533203125 -10.6386767578 1.21187988281 -0.0 -0.00958737992429 -0.0
1547222233.394608414 1.54718261719 -10.6290966797 1.23583007813 0.00106526437101 -0.0106526443603 -0.00106526437101
1547222233.402608414 1.5711328125 -10.6099365234 1.20708984375 0.00106526437101 -0.0106526443603 -0.0
1547222233.410609414 1.51844238281 -10.6290966797 1.19750976562 -0.0 -0.00745685053207 0.00106526437101
1547222233.418609414 1.58071289063 -10.6722070313 1.19750976562 0.00213052874203 -0.00958737992429 -0.0
1547222233.426610414 1.609453125 -10.6386767578 1.22625 0.00106526437101 -0.0117179077561 -0.00106526437101
1547222233.434610414 1.59987304687 -10.653046875 1.21666992188 -0.00106526437101 -0.0106526443603 -0.0
1547222233.442611414 1.64298339844 -10.653046875 1.28373046875 -0.0 -0.00958737992429 0.00106526437101
1547222233.450611414 1.61903320313 -10.6913671875 1.27894042969 -0.0 -0.0127831721921 -0.00106526437101
1547222233.458612414 1.57592285156 -10.6626269531 1.26936035156 0.00319579304802 -0.0117179077561 0.00106526437101
1547222233.466612414 1.62382324219 -10.6386767578 1.28852050781 -0.0 -0.0117179077561 -0.0
1547222233.474613414 1.62382324219 -10.6961572266 1.23583007813 -0.00213052874203 -0.00745685053207 0.00213052874203
1547222233.482613414 1.6477734375 -10.7009472656 1.29331054688 0.00213052874203 -0.0117179077561 -0.0
1547222233.490613414 1.6477734375 -10.6386767578 1.31726074219 0.00213052874203 -0.0085221149681 -0.00106526437101
1547222233.498614414 1.58550292969 -10.6817871094 1.25499023438 0.00106526437101 -0.0106526443603 -0.0
1547222233.506614414 1.6477734375 -10.6961572266 1.24541015625 -0.0 -0.0106526443603 -0.00106526437101
1547222233.514615414 1.62382324219 -10.6817871094 1.29331054688 -0.0 -0.0117179077561 -0.0
1547222233.522615414 1.61424316406 -10.6722070313 1.28852050781 -0.0 -0.0106526443603 -0.00106526437101
1547222233.530616414 1.56634277344 -10.6482568359 1.25499023438 0.00213052874203 -0.0117179077561 0.00213052874203
1547222233.538616414 1.64298339844 -10.6961572266 1.26936035156 0.00106526437101 -0.0085221149681 -0.00106526437101
1547222233.546617414 1.609453125 -10.6626269531 1.28373046875 0.00106526437101 -0.0117179077561 -0.0
1547222233.554617414 1.58071289063 -10.7057373047 1.25978027344 -0.0 -0.0117179077561 0.00106526437101
1547222233.562618414 1.50407226563 -10.6865771484 1.27894042969 0.00106526437101 -0.00639158609604 -0.0
1547222233.570618414 1.55197265625 -10.6769970703 1.29331054688 -0.00106526437101 -0.0106526443603 -0.0
1547222233.578619414 1.52802246094 -10.6482568359 1.3412109375 0.00106526437101 -0.0106526443603 -0.0
1547222233.586619414 1.48012207031 -10.6626269531 1.30768066406 -0.00106526437101 -0.0085221149681 -0.0
1547222233.594620414 1.49928222656 -10.6626269531 1.24541015625 -0.0 -0.0117179077561 0.00106526437101
1547222233.602620414 1.46096191406 -10.653046875 1.2645703125 0.00106526437101 -0.00958737992429 0.00106526437101
1547222233.610621414 1.40348144531 -10.6674169922 1.35558105469 0.00106526437101 -0.0106526443603 -0.0
1547222233.618621414 1.456171875 -10.6674169922 1.27894042969 -0.00106526437101 -0.0106526443603 -0.00106526437101
1547222233.626622414 1.41306152344 -10.6434667969 1.28373046875 0.00106526437101 -0.00958737992429 -0.00106526437101
1547222233.634622414 1.38432128906 -10.6626269531 1.31247070313 -0.00106526437101 -0.0117179077561 -0.0
1547222233.642622414 1.35079101563 -10.6099365234 1.29810058594 -0.00106526437101 -0.0117179077561 -0.0
1547222233.650623414 1.33163085938 -10.6147265625 1.33163085938 -0.0 -0.0106526443603 -0.00106526437101
1547222233.658623414 1.28852050781 -10.6338867188 1.29810058594 -0.0 -0.0117179077561 0.00213052874203
1547222233.666624414 1.23583007813 -10.5811962891 1.24062011719 0.00213052874203 -0.0085221149681 0.00106526437101
1547222233.674624414 1.2645703125 -10.57640625 1.28373046875 0.00106526437101 -0.0106526443603 -0.00106526437101
1547222233.682625414 1.24062011719 -10.5907763672 1.31726074219 -0.0 -0.0117179077561 -0.0
1547222233.690625414 1.15439941406 -10.5524560547 1.29810058594 0.00106526437101 -0.00958737992429 -0.00106526437101
1547222233.698626414 1.13044921875 -10.5716162109 1.19750976562 0.00106526437101 -0.00958737992429 0.00213052874203
1547222233.706626414 1.149609375 -10.5093457031 1.25978027344 -0.0 -0.00958737992429 -0.0
1547222233.714627414 1.09212890625 -10.5428759766 1.27415039063 0.00106526437101 -0.00958737992429 -0.0
1547222233.722627414 1.0346484375 -10.5093457031 1.23104003906 -0.00213052874203 -0.0117179077561 0.00213052874203
1547222233.730628414 1.03943847656 -10.5141357422 1.20229980469 -0.0 -0.00958737992429 0.00106526437101
1547222233.738628414 1.05380859375 -10.5045556641 1.26936035156 0.00106526437101 -0.0127831721921 -0.00106526437101
1547222233.746629414 0.981958007813 -10.4566552734 1.22625 -0.0 -0.0117179077561 -0.0
1547222233.754629414 0.9196875 -10.4662353516 1.20708984375 -0.0 -0.00745685053207 0.00106526437101
1547222233.762629414 1.01069824219 -10.4710253906 1.21187988281 -0.00106526437101 -0.0106526443603 -0.00106526437101
1547222233.770630414 0.972377929688 -10.4853955078 1.23583007813 0.00106526437101 -0.0085221149681 -0.0
1547222233.778630414 0.886157226563 -10.4183349609 1.20708984375 -0.0 -0.0085221149681 -0.00106526437101
1547222233.786631414 0.852626953125 -10.423125 1.18313964844 -0.0 -0.0117179077561 -0.0
1547222233.794631414 0.871787109375 -10.4518652344 1.1879296875 0.00106526437101 -0.00958737992429 -0.00106526437101
1547222233.802632414 0.890947265625 -10.4566552734 1.25020019531 0.00106526437101 -0.0138484366281 -0.0
1547222233.810632414 0.838256835938 -10.4135449219 1.17355957031 -0.0 -0.00958737992429 -0.0
1547222233.818633414 0.814306640625 -10.3991748047 1.15918945312 -0.00213052874203 -0.00745685053207 -0.0
1547222233.826633414 0.82388671875 -10.3895947266 1.17355957031 -0.0 -0.0127831721921 0.00106526437101
1547222233.834634414 0.82388671875 -10.3943847656 1.149609375 -0.0 -0.0106526443603 -0.00106526437101
1547222233.842634414 0.76640625 -10.3656445313 1.15439941406 -0.0 -0.00958737992429 0.00106526437101
1547222233.850635414 0.8047265625 -10.3704345703 1.13523925781 -0.0 -0.0106526443603 -0.00106526437101
1547222233.858635414 0.8813671875 -10.4135449219 1.23583007813 -0.0 -0.0106526443603 -0.00106526437101
1547222233.866636414 0.795146484375 -10.3800146484 1.149609375 -0.0 -0.0106526443603 -0.0
1547222233.874636414 0.82388671875 -10.4327050781 1.13523925781 0.00106526437101 -0.0085221149681 0.00106526437101
1547222233.882637414 0.833466796875 -10.4327050781 1.14481933594 0.00213052874203 -0.0106526443603 -0.0
1547222233.890637414 0.819096679687 -10.3512744141 1.15439941406 -0.0 -0.00958737992429 -0.00106526437101
1547222233.898638414 0.814306640625 -10.3800146484 1.13044921875 -0.0 -0.0117179077561 -0.00106526437101
1547222233.906638414 0.86220703125 -10.3991748047 1.08733886719 0.00106526437101 -0.00958737992429 -0.00106526437101
1547222233.914638414 0.833466796875 -10.4039648437 1.14002929688 0.00106526437101 -0.00958737992429 -0.0
1547222233.922639414 0.857416992188 -10.3943847656 1.07775878906 -0.0 -0.0106526443603 -0.00106526437101
1547222233.930639414 0.924477539063 -10.4327050781 1.12565917969 -0.0 -0.0117179077561 -0.0
1547222233.938640414 0.871787109375 -10.3704345703 1.10649902344 0.00106526437101 -0.00958737992429 0.00106526437101
1547222233.946640414 0.905317382813 -10.4039648437 1.22145996094 0.00213052874203 -0.0106526443603 -0.00106526437101
1547222233.954641414 0.934057617188 -10.4279150391 1.11607910156 -0.0 -0.0117179077561 -0.0
1547222233.962641414 0.97716796875 -10.4087548828 1.19750976562 0.00106526437101 -0.0117179077561 -0.0
1547222233.970642414 0.967587890625 -10.4183349609 1.15918945312 0.00213052874203 -0.0117179077561 0.00213052874203
1547222233.978642414 0.948427734375 -10.4183349609 1.16876953125 0.00213052874203 -0.0085221149681 0.00106526437101
1547222233.986643414 1.02506835938 -10.4518652344 1.20229980469 0.00106526437101 -0.0106526443603 -0.00319579304802
1547222233.994643414 1.06338867188 -10.4518652344 1.15439941406 0.00106526437101 -0.0085221149681 -0.00106526437101
1547222234.002644414 1.05380859375 -10.4374951172 1.19271972656 -0.0 -0.0106526443603 0.00106526437101
1547222234.010644414 1.09212890625 -10.4518652344 1.10649902344 0.00106526437101 -0.00958737992429 0.00106526437101
1547222234.018645414 1.13523925781 -10.4614453125 1.19750976562 -0.0 -0.0127831721921 -0.0
1547222234.026645414 1.23104003906 -10.5285058594 1.12565917969 0.00213052874203 -0.00958737992429 0.00106526437101
1547222234.034646414 1.16876953125 -10.5237158203 1.19750976562 0.00106526437101 -0.00958737992429 -0.0
1547222234.042646414 1.22145996094 -10.5189257813 1.149609375 0.00106526437101 -0.0106526443603 -0.00213052874203
1547222234.050647414 1.22625 -10.5045556641 1.24062011719 -0.0 -0.0117179077561 0.00106526437101
1547222234.058647414 1.24541015625 -10.4853955078 1.17355957031 -0.0 -0.00958737992429 -0.00106526437101
1547222234.066647414 1.302890625 -10.5285058594 1.16397949219 0.00106526437101 -0.0127831721921 -0.00106526437101
1547222234.074648414 1.3412109375 -10.5189257813 1.2645703125 0.00319579304802 -0.0117179077561 -0.00106526437101
1547222234.082648414 1.37474121094 -10.6003564453 1.25020019531 0.00106526437101 -0.0106526443603 -0.00106526437101
1547222234.090649414 1.40348144531 -10.5907763672 1.149609375 -0.00106526437101 -0.0127831721921 -0.00106526437101
1547222234.098649414 1.40348144531 -10.57640625 1.19750976562 -0.0 -0.00958737992429 -0.00106526437101
1547222234.106650414 1.44180175781 -10.6147265625 1.20708984375 -0.0 -0.0106526443603 -0.0
1547222234.114650414 1.49928222656 -10.6195166016 1.16876953125 -0.00106526437101 -0.0117179077561 -0.00213052874203
1547222234.122651414 1.43701171875 -10.6051464844 1.23104003906 0.00106526437101 -0.00745685053207 -0.00213052874203
1547222234.130651414 1.48970214844 -10.6386767578 1.25978027344 -0.0 -0.0117179077561 -0.0
1547222234.138652414 1.55197265625 -10.5907763672 1.20229980469 -0.0 -0.00745685053207 -0.00319579304802
1547222234.146652414 1.55676269531 -10.6243066406 1.27415039063 -0.0 -0.00958737992429 -0.00106526437101
1547222234.154653414 1.56634277344 -10.6338867188 1.25978027344 0.00106526437101 -0.00958737992429 -0.0
1547222234.162653414 1.59508300781 -10.6386767578 1.21666992188 0.00106526437101 -0.0117179077561 0.00106526437101
1547222234.170654414 1.61903320313 -10.6674169922 1.28373046875 -0.0 -0.00958737992429 -0.0
1547222234.178654414 1.54239257813 -10.6290966797 1.29331054688 0.00106526437101 -0.0085221149681 0.00213052874203
1547222234.186655414 1.64298339844 -10.653046875 1.17834960938 -0.0 -0.0117179077561 -0.00106526437101
1547222234.194655414 1.66693359375 -10.6817871094 1.29331054688 0.00106526437101 -0.0106526443603 -0.0
1547222234.202656414 1.64298339844 -10.6578369141 1.23583007813 0.00106526437101 -0.00958737992429 0.00106526437101
1547222234.210656414 1.61903320313 -10.6722070313 1.29331054688 -0.0 -0.0106526443603 -0.0
1547222234.218656414 1.61424316406 -10.7009472656 1.28373046875 -0.0 -0.0106526443603 -0.0
1547222234.226657414 1.62861328125 -10.6865771484 1.25978027344 -0.0 -0.0085221149681 -0.00106526437101
1547222234.234657414 1.67172363281 -10.6578369141 1.28373046875 -0.0 -0.0138484366281 0.00106526437101
1547222234.242658414 1.56155273437 -10.6722070313 1.23104003906 0.00106526437101 -0.00958737992429 0.00213052874203
1547222234.250658414 1.6477734375 -10.6817871094 1.25978027344 -0.00106526437101 -0.0106526443603 -0.00106526437101
1547222234.258659414 1.65735351563 -10.6817871094 1.25020019531 -0.0 -0.0117179077561 -0.0
1547222234.266659414 1.56634277344 -10.653046875 1.28373046875 0.00213052874203 -0.0085221149681 -0.0
1547222234.274660414 1.59987304687 -10.6817871094 1.29810058594 0.00106526437101 -0.00958737992429 0.00106526437101
1547222234.282660414 1.61903320313 -10.6961572266 1.28373046875 0.00106526437101 -0.0117179077561 -0.0
1547222234.290661414 1.59987304687 -10.653046875 1.31247070313 0.00106526437101 -0.0106526443603 0.00213052874203
1547222234.298661414 1.50407226563 -10.6674169922 1.27894042969 -0.00106526437101 -0.0117179077561 0.00106526437101
1547222234.306662414 1.50407226563 -10.653046875 1.31726074219 0.00106526437101 -0.00958737992429 0.00106526437101
1547222234.314662414 1.54718261719 -10.6865771484 1.23104003906 -0.0 -0.00958737992429 -0.0
1547222234.322663414 1.47533203125 -10.6434667969 1.302890625 0.00106526437101 -0.0106526443603 0.00106526437101
1547222234.330663414 1.45138183594 -10.6434667969 1.25978027344 -0.0 -0.0138484366281 -0.0
1547222234.338664414 1.43701171875 -10.6434667969 1.27415039063 0.00106526437101 -0.0117179077561 -0.00106526437101
1547222234.346664414 1.38911132813 -10.6195166016 1.27894042969 0.00106526437101 -0.0117179077561 -0.0
1547222234.354665414 1.35558105469 -10.5716162109 1.25978027344 -0.00106526437101 -0.00958737992429 0.00106526437101
1547222234.362665414 1.37953125 -10.6243066406 1.25978027344 0.00106526437101 -0.0117179077561 -0.00106526437101
1547222234.370666414 1.32205078125 -10.5859863281 1.33642089844 0.00106526437101 -0.0127831721921 -0.00106526437101
1547222234.378666414 1.23104003906 -10.5668261719 1.33163085938 0.00106526437101 -0.0106526443603 -0.00106526437101
1547222234.386666414 1.25499023438 -10.5668261719 1.26936035156 -0.00106526437101 -0.0117179077561 -0.0
1547222234.394667414 1.20708984375 -10.5859863281 1.25020019531 0.00106526437101 -0.0085221149681 0.00106526437101
1547222234.402667414 1.17834960938 -10.5476660156 1.28852050781 -0.0 -0.0106526443603 -0.0
1547222234.410668414 1.09691894531 -10.5524560547 1.21187988281 -0.00106526437101 -0.0106526443603 0.00213052874203
1547222234.418668414 1.12086914062 -10.5189257813 1.23583007813 0.00106526437101 -0.0127831721921 -0.00106526437101
1547222234.426669414 1.14481933594 -10.5524560547 1.2645703125 0.00106526437101 -0.0106526443603 -0.0
1547222234.434669414 0.991538085938 -10.5285058594 1.24062011719 0.00106526437101 -0.0085221149681 0.00106526437101
1547222234.442670414 1.01069824219 -10.5141357422 1.21187988281 -0.0 -0.0106526443603 -0.00213052874203
1547222234.450670414 1.06338867188 -10.4806054688 1.21666992188 0.00106526437101 -0.0127831721921 -0.0
1547222234.458671414 0.943637695313 -10.4710253906 1.24062011719 0.00106526437101 -0.00958737992429 0.00213052874203
1547222234.466671414 0.9580078125 -10.4901855469 1.19750976562 -0.00106526437101 -0.0106526443603 -0.00106526437101
1547222234.474672414 0.866997070313 -10.4853955078 1.23104003906 0.00106526437101 -0.0085221149681 -0.0
1547222234.482672414 0.929267578125 -10.4662353516 1.17834960938 0.00106526437101 -0.0106526443603 0.00106526437101
1547222234.490673414 0.90052734375 -10.4566552734 1.18313964844 -0.00106526437101 -0.0106526443603 -0.0
1547222234.498673414 0.847836914063 -10.3991748047 1.18313964844 0.00106526437101 -0.0117179077561 0.00106526437101
1547222234.506674414 0.82388671875 -10.3991748047 1.19750976562 0.00106526437101 -0.0106526443603 -0.00213052874203
1547222234.514674414 0.866997070313 -10.4039648437 1.21666992188 0.00106526437101 -0.0085221149681 -0.0
1547222234.522675414 0.799936523437 -10.4422851562 1.18313964844 0.00106526437101 -0.0106526443603 -0.00106526437101
1547222234.530675414 0.790356445313 -10.4039648437 1.19271972656 -0.0 -0.0106526443603 0.00213052874203
1547222234.538675414 0.799936523437 -10.423125 1.18313964844 -0.00106526437101 -0.0106526443603 -0.00106526437101
1547222234.546676414 0.828676757813 -10.3752246094 1.23583007813 -0.00106526437101 -0.0106526443603 0.00106526437101
1547222234.554676414 0.752036132813 -10.3656445313 1.17355957031 0.00213052874203 -0.00958737992429 0.00213052874203
1547222234.562677414 0.828676757813 -10.3752246094 1.12565917969 -0.00106526437101 -0.00958737992429 -0.00213052874203
1547222234.570677414 0.838256835938 -10.3704345703 1.13523925781 -0.0 -0.00958737992429 0.00106526437101
1547222234.578678414 0.799936523437 -10.346484375 1.15439941406 0.00106526437101 -0.0085221149681 -0.0
1547222234.586678414 0.809516601563 -10.3752246094 1.17834960938 -0.00106526437101 -0.0117179077561 -0.00106526437101
1547222234.594679414 0.86220703125 -10.3943847656 1.18313964844 0.00213052874203 -0.0117179077561 -0.0
1547222234.602679414 0.8813671875 -10.3800146484 1.149609375 -0.0 -0.0085221149681 -0.00106526437101
1547222234.610680414 0.852626953125 -10.3656445313 1.20229980469 -0.00106526437101 -0.00958737992429 -0.0
1547222234.618680414 0.843046875 -10.4279150391 1.17355957031 0.00106526437101 -0.0117179077561 -0.00106526437101
1547222234.626681414 0.924477539063 -10.3943847656 1.14002929688 -0.0 -0.0117179077561 -0.00106526437101
1547222234.634681414 0.924477539063 -10.3800146484 1.15439941406 -0.0 -0.0138484366281 -0.00106526437101
1547222234.642682414 0.905317382813 -10.4758154297 1.15439941406 0.00106526437101 -0.0085221149681 -0.00213052874203
1547222234.650682414 1.00111816406 -10.4710253906 1.14002929688 0.00213052874203 -0.0106526443603 -0.00319579304802
1547222234.658683414 1.0346484375 -10.4662353516 1.25020019531 -0.0 -0.0106526443603 -0.00106526437101
1547222234.666683414 0.986748046875 -10.4422851562 1.149609375 -0.0 -0.00958737992429 0.00213052874203
1547222234.674684414 1.00590820312 -10.4470751953 1.14481933594 -0.00106526437101 -0.00958737992429 -0.00106526437101
1547222234.682684414 1.10649902344 -10.4518652344 1.19271972656 -0.0 -0.0127831721921 -0.0
1547222234.690685414 1.12565917969 -10.4422851562 1.15439941406 -0.0 -0.0106526443603 -0.00106526437101
1547222234.698685414 1.09691894531 -10.4853955078 1.15439941406 -0.00106526437101 -0.00958737992429 -0.00106526437101
1547222234.706685414 1.21666992188 -10.4901855469 1.12086914062 0.00213052874203 -0.00958737992429 -0.00106526437101
1547222234.714686414 1.21187988281 -10.5189257813 1.19271972656 0.00213052874203 -0.0106526443603 0.00106526437101
1547222234.722686414 1.25020019531 -10.5093457031 1.23104003906 -0.00106526437101 -0.00958737992429 0.00106526437101
1547222234.730687414 1.28852050781 -10.57640625 1.16397949219 -0.0 -0.0127831721921 -0.00106526437101
1547222234.738687414 1.29810058594 -10.5189257813 1.25499023438 0.00106526437101 -0.0085221149681 -0.00106526437101
1547222234.746688414 1.3412109375 -10.5332958984 1.17834960938 0.00213052874203 -0.00958737992429 0.00213052874203
1547222234.754688414 1.42743164063 -10.5955664063 1.14002929688 -0.0 -0.0106526443603 -0.00106526437101
1547222234.762689414 1.38911132813 -10.5620361328 1.19271972656 -0.0 -0.00745685053207 -0.00106526437101
1547222234.770689414 1.44659179688 -10.5859863281 1.24541015625 -0.00106526437101 -0.0106526443603 -0.00213052874203
1547222234.778690414 1.47054199219 -10.6195166016 1.16397949219 -0.00106526437101 -0.00958737992429 0.00106526437101
1547222234.786690414 1.49928222656 -10.6147265625 1.23104003906 0.00106526437101 -0.00958737992429 -0.0
1547222234.794691414 1.56634277344 -10.6003564453 1.20229980469 0.00106526437101 -0.0117179077561 -0.0
1547222234.802691414 1.52323242188 -10.6195166016 1.23104003906 -0.00106526437101 -0.0085221149681 0.00106526437101
1547222234.810692414 1.5328125 -10.5668261719 1.17355957031 -0.00106526437101 -0.00958737992429 -0.0
1547222234.818692414 1.62861328125 -10.6386767578 1.33642089844 -0.0 -0.0117179077561 -0.00106526437101
1547222234.826693414 1.59029296875 -10.6338867188 1.27894042969 0.00213052874203 -0.0106526443603 -0.0
1547222234.834693414 1.61903320313 -10.6434667969 1.28852050781 -0.00106526437101 -0.00958737992429 -0.0
1547222234.842694414 1.63340332031 -10.6386767578 1.32684082031 0.00106526437101 -0.0106526443603 0.00106526437101
1547222234.850694414 1.68130371094 -10.6913671875 1.25020019531 -0.0 -0.00958737992429 0.00106526437101
1547222234.858694414 1.63819335937 -10.6722070313 1.29331054688 -0.0 -0.0106526443603 -0.0
1547222234.866695414 1.64298339844 -10.6482568359 1.24062011719 -0.00213052874203 -0.0117179077561 -0.0
1547222234.874695414 1.6477734375 -10.6865771484 1.25978027344 0.00106526437101 -0.00958737992429 0.00106526437101
1547222234.882696414 1.65735351563 -10.6674169922 1.23583007813 0.00106526437101 -0.0106526443603 -0.0
1547222234.890696414 1.59508300781 -10.6338867188 1.2645703125 -0.0 -0.00745685053207 -0.0
1547222234.898697414 1.609453125 -10.6865771484 1.27894042969 0.00106526437101 -0.0106526443603 -0.0
1547222234.906697414 1.62382324219 -10.6674169922 1.29810058594 0.00106526437101 -0.0106526443603 -0.0
1547222234.914698414 1.55676269531 -10.6434667969 1.28852050781 -0.00213052874203 -0.0085221149681 -0.0
1547222234.922698414 1.55676269531 -10.6626269531 1.25499023438 -0.0 -0.0106526443603 -0.00106526437101
1547222234.930699414 1.53760253906 -10.6769970703 1.27415039063 -0.0 -0.00958737992429 -0.0
1547222234.938699414 1.51844238281 -10.6434667969 1.28852050781 -0.0 -0.0117179077561 -0.0
1547222234.946700414 1.50886230469 -10.6674169922 1.22625 -0.0 -0.0127831721921 -0.00106526437101
1547222234.954700414 1.44180175781 -10.6434667969 1.34600097656 -0.0 -0.0106526443603 0.00213052874203
1547222234.962701414 1.49928222656 -10.6147265625 1.2645703125 -0.00106526437101 -0.0117179077561 -0.0
1547222234.970701414 1.47054199219 -10.6817871094 1.28373046875 -0.0 -0.00958737992429 -0.0
1547222234.978702414 1.36037109375 -10.6003564453 1.28373046875 -0.0 -0.0106526443603 -0.00106526437101
1547222234.986702414 1.35079101563 -10.6003564453 1.24062011719 0.00106526437101 -0.0127831721921 -0.00106526437101
1547222234.994703414 1.36037109375 -10.6147265625 1.36995117188 0.00106526437101 -0.0085221149681 -0.0
1547222235.002703414 1.27415039063 -10.6051464844 1.28373046875 -0.00106526437101 -0.0106526443603 0.00106526437101
1547222235.010704414 1.26936035156 -10.6290966797 1.30768066406 -0.0 -0.0106526443603 0.00106526437101
1547222235.018704414 1.18313964844 -10.5859863281 1.24062011719 0.00213052874203 -0.0106526443603 0.00106526437101
1547222235.026704414 1.21187988281 -10.5476660156 1.2645703125 -0.0 -0.00958737992429 -0.0
1547222235.034705414 1.149609375 -10.5428759766 1.27415039063 0.00106526437101 -0.0117179077561 -0.00106526437101
1547222235.042705414 1.03943847656 -10.5093457031 1.25020019531 0.00106526437101 -0.00745685053207 -0.00106526437101
1547222235.050706414 1.12086914062 -10.5716162109 1.25978027344 -0.00106526437101 -0.0127831721921 -0.00106526437101
1547222235.058706414 1.13523925781 -10.4806054688 1.22625 0.00213052874203 -0.0106526443603 0.00213052874203
1547222235.066707414 0.8813671875 -10.5093457031 1.19271972656 -0.00106526437101 -0.00745685053207 0.00106526437101
1547222235.074707414 1.03943847656 -10.4806054688 1.149609375 -0.00213052874203 -0.0117179077561 -0.00213052874203
1547222235.082708414 1.10170898438 -10.5141357422 1.19750976562 -0.0 -0.0117179077561 -0.00106526437101
1547222235.090708414 0.93884765625 -10.4470751953 1.22145996094 -0.0 -0.00532632218016 0.00213052874203
1547222235.098709414 0.847836914063 -10.4087548828 1.22625 -0.00106526437101 -0.00958737992429 0.00106526437101
1547222235.106709414 0.910107421875 -10.4853955078 1.17834960938 -0.00213052874203 -0.00958737992429 -0.00213052874203
1547222235.114710414 0.886157226563 -10.4806054688 1.25499023438 0.00319579304802 -0.0106526443603 -0.0
1547222235.122710414 0.847836914063 -10.4279150391 1.20229980469 -0.00106526437101 -0.0085221149681 -0.0
1547222235.130711414 0.828676757813 -10.423125 1.19271972656 -0.00213052874203 -0.00958737992429 0.00106526437101
1547222235.138711414 0.871787109375 -10.3991748047 1.13523925781 -0.0 -0.0127831721921 -0.0
1547222235.146712414 0.838256835938 -10.3560644531 1.20229980469 0.00106526437101 -0.0106526443603 -0.00106526437101
1547222235.154712414 0.82388671875 -10.4087548828 1.10649902344 -0.00213052874203 -0.00958737992429 -0.0
1547222235.162713414 0.799936523437 -10.3704345703 1.13523925781 0.00106526437101 -0.0106526443603 0.00106526437101
1547222235.170713414 0.838256835938 -10.3800146484 1.23583007813 0.00106526437101 -0.0106526443603 -0.0
1547222235.178713414 0.843046875 -10.4135449219 1.11607910156 -0.0 -0.0117179077561 -0.00106526437101
1547222235.186714414 0.76640625 -10.3848046875 1.10649902344 -0.0 -0.0085221149681 0.00106526437101
1547222235.194714414 0.809516601563 -10.3943847656 1.16876953125 -0.0 -0.0106526443603 0.00106526437101
1547222235.202715414 0.82388671875 -10.3608544922 1.16876953125 0.00213052874203 -0.0106526443603 -0.00319579304802
1547222235.210715414 0.799936523437 -10.3752246094 1.11607910156 -0.00213052874203 -0.0117179077561 -0.00213052874203
1547222235.218716414 0.82388671875 -10.3943847656 1.19271972656 0.00106526437101 -0.0085221149681 0.00106526437101
1547222235.226716414 0.90052734375 -10.3943847656 1.16397949219 -0.00106526437101 -0.0117179077561 -0.00319579304802
1547222235.234717414 0.871787109375 -10.4135449219 1.15439941406 0.00106526437101 -0.00958737992429 0.00106526437101
1547222235.242717414 0.857416992188 -10.3656445313 1.18313964844 0.00106526437101 -0.0085221149681 -0.00106526437101
1547222235.250718414 0.9196875 -10.3991748047 1.17834960938 0.00106526437101 -0.0117179077561 -0.0
1547222235.258718414 0.910107421875 -10.4039648437 1.1879296875 -0.00106526437101 -0.00958737992429 -0.0
1547222235.266719414 0.914897460938 -10.4566552734 1.14002929688 -0.0 -0.0085221149681 -0.00106526437101
1547222235.274719414 0.97716796875 -10.4518652344 1.14481933594 -0.00106526437101 -0.0106526443603 -0.00106526437101
1547222235.282720414 0.996328125 -10.4422851562 1.149609375 0.00213052874203 -0.0085221149681 -0.00106526437101
1547222235.290720414 1.04422851562 -10.4422851562 1.1112890625 -0.00106526437101 -0.00958737992429 -0.00106526437101
1547222235.298721414 1.07296875 -10.4374951172 1.14481933594 0.00106526437101 -0.0106526443603 -0.00106526437101
1547222235.306721414 1.12086914062 -10.4614453125 1.17834960938 0.00213052874203 -0.0117179077561 -0.00213052874203
1547222235.314722414 1.21666992188 -10.499765625 1.16397949219 -0.0 -0.0127831721921 -0.00106526437101
1547222235.322722414 1.18313964844 -10.4949755859 1.17834960938 -0.0 -0.0085221149681 -0.0
1547222235.330723414 1.18313964844 -10.5045556641 1.16397949219 0.00213052874203 -0.00958737992429 0.00106526437101
1547222235.338723414 1.28373046875 -10.5285058594 1.17834960938 0.00106526437101 -0.00958737992429 -0.00213052874203
1547222235.346723414 1.25978027344 -10.5332958984 1.17834960938 0.00106526437101 -0.0106526443603 0.00106526437101
1547222235.354724414 1.25978027344 -10.5237158203 1.18313964844 0.00213052874203 -0.0106526443603 -0.00106526437101
1547222235.362724414 1.32205078125 -10.5428759766 1.17834960938 -0.0 -0.0106526443603 -0.00106526437101
1547222235.370725414 1.39869140625 -10.6003564453 1.22145996094 -0.00106526437101 -0.0117179077561 -0.00106526437101
1547222235.378725414 1.43222167969 -10.5811962891 1.1879296875 -0.0 -0.00958737992429 -0.0
1547222235.386726414 1.43701171875 -10.6099365234 1.24541015625 0.00106526437101 -0.00958737992429 -0.0
1547222235.394726414 1.45138183594 -10.6147265625 1.22145996094 -0.0 -0.00958737992429 -0.0
1547222235.402727414 1.4944921875 -10.5907763672 1.20229980469 0.00106526437101 -0.00958737992429 -0.0
1547222235.410727414 1.46575195313 -10.6195166016 1.18313964844 -0.0 -0.0106526443603 0.00106526437101
1547222235.418728414 1.5328125 -10.6147265625 1.22145996094 -0.0 -0.00958737992429 -0.0
1547222235.426728414 1.52802246094 -10.6434667969 1.18313964844 -0.0 -0.00958737992429 0.00106526437101
1547222235.434729414 1.52802246094 -10.6290966797 1.23583007813 -0.0 -0.00958737992429 0.00106526437101
1547222235.442729414 1.58071289063 -10.5955664063 1.16397949219 0.00106526437101 -0.0117179077561 0.00106526437101
1547222235.450730414 1.5711328125 -10.6722070313 1.27415039063 -0.0 -0.00958737992429 -0.0
1547222235.458730414 1.61424316406 -10.6578369141 1.16397949219 -0.00213052874203 -0.0117179077561 -0.00213052874203
1547222235.466731414 1.62382324219 -10.6338867188 1.26936035156 -0.00106526437101 -0.00958737992429 0.00106526437101
1547222235.474731414 1.61903320313 -10.6482568359 1.25978027344 -0.00106526437101 -0.00745685053207 -0.0
1547222235.482732414 1.66693359375 -10.6578369141 1.22625 -0.00106526437101 -0.00958737992429 -0.0
1547222235.490732414 1.609453125 -10.6434667969 1.31247070313 0.00106526437101 -0.00745685053207 -0.0
1547222235.498733414 1.61424316406 -10.6386767578 1.23104003906 -0.0 -0.0106526443603 -0.00106526437101
1547222235.506733414 1.68609375 -10.6722070313 1.25499023438 -0.0 -0.0127831721921 -0.00106526437101
1547222235.514734414 1.6477734375 -10.7105273437 1.23583007813 -0.0 -0.0085221149681 0.00213052874203
1547222235.522734414 1.60466308594 -10.6769970703 1.26936035156 -0.0 -0.0117179077561 -0.00106526437101
1547222235.530734414 1.63819335937 -10.6626269531 1.23104003906 -0.00106526437101 -0.0106526443603 -0.00106526437101
1547222235.538735414 1.6477734375 -10.7057373047 1.3412109375 -0.0 -0.00958737992429 -0.00213052874203
1547222235.546735414 1.63819335937 -10.6578369141 1.34600097656 -0.0 -0.0085221149681 0.00213052874203
1547222235.554736414 1.57592285156 -10.6674169922 1.31247070313 -0.0 -0.0085221149681 0.00106526437101
1547222235.562736414 1.56155273437 -10.6865771484 1.25499023438 -0.0 -0.00958737992429 -0.00213052874203
1547222235.570737414 1.58550292969 -10.6674169922 1.28852050781 -0.0 -0.0106526443603 -0.00106526437101
1547222235.578737414 1.49928222656 -10.6290966797 1.25978027344 -0.00106526437101 -0.00958737992429 -0.0
1547222235.586738414 1.48491210938 -10.6722070313 1.31247070313 -0.00213052874203 -0.0106526443603 0.00213052874203
1547222235.594738414 1.5328125 -10.6578369141 1.25499023438 0.00106526437101 -0.00958737992429 0.00106526437101
1547222235.602739414 1.48012207031 -10.6290966797 1.28852050781 0.00213052874203 -0.0085221149681 -0.0
1547222235.610739414 1.46096191406 -10.6290966797 1.32205078125 0.00213052874203 -0.0106526443603 0.00213052874203
1547222235.618740414 1.44659179688 -10.6769970703 1.30768066406 -0.0 -0.0106526443603 -0.00106526437101
1547222235.626740414 1.44659179688 -10.6961572266 1.33642089844 0.00106526437101 -0.0138484366281 0.00106526437101
1547222235.634741414 1.36995117188 -10.6051464844 1.22145996094 0.00319579304802 -0.0085221149681 0.00106526437101
1547222235.642741414 1.31247070313 -10.6147265625 1.25020019531 -0.00106526437101 -0.00958737992429 -0.0
1547222235.650742414 1.34600097656 -10.6003564453 1.29810058594 0.00106526437101 -0.0106526443603 -0.00106526437101
1547222235.658742414 1.30768066406 -10.6051464844 1.27894042969 -0.00106526437101 -0.0106526443603 -0.0
1547222235.666743414 1.23104003906 -10.5955664063 1.302890625 -0.00106526437101 -0.00958737992429 -0.0
1547222235.674743414 1.24541015625 -10.5572460938 1.22145996094 -0.0 -0.0117179077561 -0.0
1547222235.682744414 1.20229980469 -10.5572460938 1.3412109375 -0.0 -0.00958737992429 -0.0
1547222235.690744414 1.16876953125 -10.5093457031 1.27894042969 0.00106526437101 -0.0117179077561 0.00106526437101
1547222235.698744414 1.17834960938 -10.5332958984 1.2645703125 0.00106526437101 -0.00958737992429 0.00106526437101
1547222235.706745414 1.05859863281 -10.5476660156 1.28852050781 0.00106526437101 -0.00958737992429 -0.0
1547222235.714745414 1.13044921875 -10.5285058594 1.2645703125 -0.0 -0.0085221149681 -0.00319579304802
1547222235.722746414 1.04422851562 -10.4901855469 1.23583007813 -0.0 -0.0127831721921 -0.0
1547222235.730746414 0.943637695313 -10.4806054688 1.22625 0.00213052874203 -0.0085221149681 -0.00213052874203
1547222235.738747414 1.03943847656 -10.4518652344 1.20708984375 0.00106526437101 -0.0127831721921 -0.00106526437101
1547222235.746747414 0.996328125 -10.4949755859 1.20708984375 -0.0 -0.0127831721921 -0.00213052874203
1547222235.754748414 0.953217773438 -10.4135449219 1.22625 0.00213052874203 -0.0106526443603 0.00106526437101
1547222235.762748414 0.93884765625 -10.4614453125 1.21666992188 -0.0 -0.0127831721921 -0.00106526437101
1547222235.770749414 0.924477539063 -10.4279150391 1.20229980469 -0.0 -0.0117179077561 -0.0
1547222235.778749414 0.86220703125 -10.4135449219 1.19750976562 0.00106526437101 -0.0106526443603 0.00106526437101
1547222235.786750414 0.871787109375 -10.4183349609 1.21666992188 -0.00106526437101 -0.0127831721921 -0.0
1547222235.794750414 0.910107421875 -10.4327050781 1.19750976562 0.00106526437101 -0.0085221149681 -0.00106526437101
1547222235.802751414 0.857416992188 -10.4039648437 1.17834960938 0.00106526437101 -0.0106526443603 0.00106526437101
1547222235.810751414 0.843046875 -10.3848046875 1.1879296875 0.00106526437101 -0.0106526443603 0.00106526437101
1547222235.818752414 0.833466796875 -10.4422851562 1.21187988281 0.00213052874203 -0.00958737992429 -0.00106526437101
1547222235.826752414 0.852626953125 -10.423125 1.10649902344 -0.0 -0.0106526443603 -0.00106526437101
1547222235.834753414 0.819096679687 -10.4039648437 1.20229980469 -0.00106526437101 -0.0117179077561 0.00106526437101
1547222235.842753414 0.795146484375 -10.4183349609 1.17355957031 -0.00106526437101 -0.0106526443603 -0.0
1547222235.850754414 0.8047265625 -10.4279150391 1.16876953125 -0.0 -0.0106526443603 -0.00213052874203
1547222235.858754414 0.799936523437 -10.3943847656 1.19750976562 -0.00106526437101 -0.0106526443603 0.00106526437101
1547222235.866755414 0.795146484375 -10.3560644531 1.16876953125 -0.0 -0.0085221149681 -0.0
1547222235.874755414 0.771196289063 -10.4135449219 1.10649902344 -0.0 -0.00958737992429 -0.0
1547222235.882756414 0.86220703125 -10.423125 1.19750976562 0.00213052874203 -0.0085221149681 -0.00106526437101
1547222235.890756414 0.866997070313 -10.3848046875 1.1112890625 -0.0 -0.0106526443603 -0.0
1547222235.898756414 0.819096679687 -10.3848046875 1.20229980469 0.00106526437101 -0.00958737992429 -0.0
1547222235.906757414 0.828676757813 -10.3943847656 1.13044921875 -0.0 -0.0106526443603 0.00106526437101
1547222235.914757414 0.914897460938 -10.4087548828 1.149609375 -0.0 -0.00958737992429 -0.0
1547222235.922758414 0.871787109375 -10.3943847656 1.149609375 0.00106526437101 -0.00958737992429 -0.00106526437101
1547222235.930758414 0.924477539063 -10.4279150391 1.12565917969 -0.0 -0.00958737992429 -0.00106526437101
1547222235.938759414 0.914897460938 -10.3704345703 1.23583007813 0.00106526437101 -0.00958737992429 -0.00213052874203
1547222235.946759414 0.924477539063 -10.4327050781 1.19271972656 0.00106526437101 -0.0117179077561 0.00106526437101
1547222235.954760414 0.97716796875 -10.4327050781 1.12086914062 -0.0 -0.0106526443603 -0.00213052874203
1547222235.962760414 0.9580078125 -10.4279150391 1.17834960938 -0.00106526437101 -0.0085221149681 -0.00106526437101
1547222235.970761414 1.07296875 -10.4518652344 1.17355957031 -0.0 -0.00745685053207 -0.00106526437101
1547222235.978761414 1.0346484375 -10.4135449219 1.17834960938 0.00213052874203 -0.00958737992429 -0.0
1547222235.986762414 1.03943847656 -10.4614453125 1.14002929688 0.00106526437101 -0.00958737992429 -0.00106526437101
1547222235.994762414 1.1112890625 -10.4949755859 1.12565917969 -0.00106526437101 -0.0117179077561 0.00106526437101
1547222236.002763414 1.14481933594 -10.4901855469 1.18313964844 -0.0 -0.0117179077561 -0.00106526437101
1547222236.010763414 1.10170898438 -10.4806054688 1.20708984375 0.00213052874203 -0.00958737992429 0.00106526437101
1547222236.018764414 1.1879296875 -10.4806054688 1.16397949219 -0.00213052874203 -0.0127831721921 -0.00106526437101
1547222236.026764414 1.25978027344 -10.5093457031 1.16876953125 0.00106526437101 -0.0117179077561 -0.00106526437101
1547222236.034765414 1.22625 -10.499765625 1.19750976562 0.00213052874203 -0.0106526443603 0.00106526437101
1547222236.042765414 1.24062011719 -10.5285058594 1.13523925781 -0.0 -0.00958737992429 -0.0
1547222236.050766414 1.32684082031 -10.5907763672 1.22625 0.00106526437101 -0.0085221149681 0.00106526437101
1547222236.058766414 1.35079101563 -10.5572460938 1.26936035156 -0.0 -0.0117179077561 0.00106526437101
1547222236.066767414 1.37953125 -10.5476660156 1.23104003906 -0.00106526437101 -0.0117179077561 -0.0
1547222236.074767414 1.34600097656 -10.57640625 1.1879296875 0.00106526437101 -0.00958737992429 -0.00106526437101
1547222236.082768414 1.4944921875 -10.5907763672 1.20708984375 0.00106526437101 -0.0127831721921 -0.00106526437101
1547222236.090768414 1.48491210938 -10.6290966797 1.19750976562 0.00106526437101 -0.0106526443603 -0.00106526437101
1547222236.098768414 1.4944921875 -10.6243066406 1.21666992188 -0.0 -0.0106526443603 -0.00106526437101
1547222236.106769414 1.47054199219 -10.6051464844 1.17834960938 0.00106526437101 -0.0106526443603 -0.00106526437101
1547222236.114769414 1.51365234375 -10.6434667969 1.28373046875 -0.0 -0.00958737992429 -0.00106526437101
1547222236.122770414 1.5711328125 -10.6290966797 1.21666992188 -0.0 -0.00958737992429 0.00106526437101
1547222236.130770414 1.54239257813 -10.6147265625 1.27894042969 0.00106526437101 -0.00958737992429 -0.0
1547222236.138771414 1.60466308594 -10.6769970703 1.22625 0.00106526437101 -0.00958737992429 -0.00106526437101
1547222236.146771414 1.609453125 -10.6243066406 1.24541015625 -0.00106526437101 -0.0117179077561 -0.00213052874203
1547222236.154772414 1.58550292969 -10.6290966797 1.21187988281 0.00106526437101 -0.00958737992429 -0.00106526437101
1547222236.162772414 1.65735351563 -10.6434667969 1.25499023438 0.00106526437101 -0.0106526443603 -0.00106526437101
1547222236.170773414 1.62382324219 -10.6434667969 1.21666992188 0.00213052874203 -0.0127831721921 -0.00106526437101
1547222236.178773414 1.54239257813 -10.6386767578 1.27415039063 0.00106526437101 -0.00639158609604 -0.0
1547222236.186774414 1.64298339844 -10.6961572266 1.28373046875 -0.00106526437101 -0.0117179077561 -0.0
1547222236.194774414 1.68609375 -10.7201074219 1.28852050781 -0.0 -0.00958737992429 0.00106526437101
1547222236.202775414 1.59987304687 -10.6578369141 1.27894042969 0.00106526437101 -0.0085221149681 -0.0
1547222236.210775414 1.65735351563 -10.6338867188 1.21666992188 -0.00106526437101 -0.0117179077561 -0.0
1547222236.218776414 1.66693359375 -10.6817871094 1.28373046875 0.00106526437101 -0.0106526443603 -0.0
1547222236.226776414 1.61903320313 -10.7105273437 1.30768066406 0.00106526437101 -0.0085221149681 -0.0
1547222236.234777414 1.61424316406 -10.7153173828 1.27415039063 -0.0 -0.0127831721921 0.00106526437101
1547222236.242777414 1.56155273437 -10.6290966797 1.35079101563 -0.0 -0.0085221149681 -0.0
1547222236.250778414 1.62382324219 -10.6961572266 1.28852050781 0.00106526437101 -0.0117179077561 0.00106526437101
1547222236.258778414 1.59508300781 -10.6865771484 1.21666992188 -0.0 -0.0106526443603 -0.0
1547222236.266779414 1.50886230469 -10.6195166016 1.33163085938 -0.0 -0.0085221149681 0.00213052874203
1547222236.274779414 1.5711328125 -10.6290966797 1.32684082031 -0.00106526437101 -0.00958737992429 -0.00106526437101
1547222236.282780414 1.59508300781 -10.6722070313 1.302890625 -0.0 -0.0106526443603 -0.0
1547222236.290780414 1.45138183594 -10.6243066406 1.31247070313 0.00106526437101 -0.00745685053207 -0.0
1547222236.298780414 1.46575195313 -10.6195166016 1.24541015625 -0.0 -0.0106526443603 -0.0
1547222236.306781414 1.456171875 -10.6290966797 1.302890625 0.00213052874203 -0.00958737992429 -0.00213052874203
1547222236.314781414 1.47533203125 -10.6338867188 1.35079101563 0.00106526437101 -0.0106526443603 -0.0
1547222236.322782414 1.38911132813 -10.6195166016 1.32684082031 -0.0 -0.0085221149681 0.00213052874203
1547222236.330782414 1.34600097656 -10.5907763672 1.32205078125 0.00106526437101 -0.0127831721921 -0.0
1547222236.338783414 1.39869140625 -10.6434667969 1.28852050781 0.00106526437101 -0.0106526443603 -0.00106526437101
1547222236.346783414 1.30768066406 -10.57640625 1.23104003906 0.00106526437101 -0.0106526443603 -0.0
1547222236.354784414 1.27894042969 -10.5811962891 1.28852050781 0.00106526437101 -0.00958737992429 -0.0
1547222236.362784414 1.23104003906 -10.5811962891 1.27415039063 -0.0 -0.00958737992429 0.00106526437101
1547222236.370785414 1.28852050781 -10.5907763672 1.2645703125 0.00106526437101 -0.0117179077561 -0.0
1547222236.378785414 1.20229980469 -10.5476660156 1.21666992188 -0.0 -0.00958737992429 -0.00106526437101
1547222236.386786414 1.149609375 -10.5189257813 1.27415039063 0.00106526437101 -0.00958737992429 0.00213052874203
1547222236.394786414 1.12086914062 -10.5572460938 1.20708984375 0.00106526437101 -0.0106526443603 -0.0
1547222236.402787414 1.12565917969 -10.5380859375 1.23583007813 -0.0 -0.0127831721921 -0.00106526437101
1547222236.410787414 1.03943847656 -10.5189257813 1.23104003906 -0.00106526437101 -0.00958737992429 -0.0
1547222236.418788414 1.01548828125 -10.4758154297 1.20229980469 -0.0 -0.00958737992429 -0.00213052874203
1547222236.426788414 1.06817871094 -10.499765625 1.21666992188 0.00106526437101 -0.00958737992429 0.00106526437101
1547222236.434789414 0.953217773438 -10.4853955078 1.23104003906 0.00106526437101 -0.0106526443603 0.00106526437101
1547222236.442789414 0.943637695313 -10.5237158203 1.28852050781 -0.0 -0.0106526443603 -0.00213052874203
1547222236.450790414 0.97716796875 -10.4710253906 1.17355957031 0.00106526437101 -0.0106526443603 -0.00106526437101
1547222236.458790414 0.857416992188 -10.4470751953 1.23104003906 -0.0 -0.0085221149681 0.00319579304802
1547222236.466791414 0.876577148438 -10.4614453125 1.24062011719 0.00106526437101 -0.0106526443603 0.00213052874203
1547222236.474791414 0.905317382813 -10.4518652344 1.19271972656 -0.0 -0.0106526443603 -0.00106526437101
1547222236.482792414 0.82388671875 -10.423125 1.19750976562 -0.0 -0.00958737992429 0.00106526437101
1547222236.490792414 0.828676757813 -10.4566552734 1.14002929688 -0.0 -0.0117179077561 -0.0
1547222236.498793414 0.90052734375 -10.3943847656 1.12086914062 -0.0 -0.0106526443603 -0.00213052874203
1547222236.506793414 0.819096679687 -10.4183349609 1.16876953125 0.00213052874203 -0.0085221149681 0.00213052874203
1547222236.514793414 0.82388671875 -10.4374951172 1.16397949219 -0.0 -0.0106526443603 -0.0
1547222236.522794414 0.82388671875 -10.3895947266 1.15918945312 -0.00106526437101 -0.0117179077561 -0.00106526437101
1547222236.530794414 0.775986328125 -10.3656445313 1.20708984375 -0.0 -0.00745685053207 -0.00106526437101
1547222236.538795414 0.795146484375 -10.3512744141 1.23104003906 0.00106526437101 -0.0106526443603 -0.00106526437101
1547222236.546795414 0.78556640625 -10.3800146484 1.09691894531 0.00213052874203 -0.00958737992429 -0.0
1547222236.554796414 0.795146484375 -10.3895947266 1.12565917969 0.00106526437101 -0.0085221149681 -0.0
1547222236.562796414 0.838256835938 -10.3895947266 1.14481933594 0.00106526437101 -0.0106526443603 -0.00213052874203
1547222236.570797414 0.852626953125 -10.4422851562 1.23104003906 -0.00106526437101 -0.00958737992429 -0.00213052874203
1547222236.578797414 0.775986328125 -10.3895947266 1.14481933594 -0.00106526437101 -0.0085221149681 0.00213052874203
1547222236.586798414 0.828676757813 -10.3943847656 1.17355957031 -0.0 -0.0127831721921 0.00106526437101
